                                                                     
                                                                     
                                                                     
                                             
SubjectName		LengthR	MedDiamR	MedDiamR-I	MedDiamR-II	MedDiamR-III	LengthL	MedDiamL	MedDiamL-I	MedDiamL-II	MedDiamL-III
ALVIN_mwc3188_A.nii	274.797777	26.096396	18.121103	27.634103	31.797843	272.951782	27.202234	17.626098	28.490863	32.134690
ALVIN_mwc3188_B.nii	275.901718	26.292935	17.704884	27.944590	33.796360	274.495276	27.346657	17.222844	28.577812	31.190339
ALVIN_mwc3188_C.nii	275.473564	26.604989	17.871522	27.732179	35.982341	272.870029	26.444081	17.646938	28.655948	32.620682
ALVIN_mwc3188_D.nii	274.655024	26.171735	17.673182	27.215626	30.487197	275.183628	27.145696	17.913829	28.226170	32.522997
ALVIN_mwc3188_E.nii	274.804160	25.968330	17.938209	27.643656	30.682929	275.052882	26.731688	17.678789	28.728884	32.926924
ALVIN_mwc3188_F.nii	279.292998	26.823632	17.633427	28.376102	35.289577	274.687658	27.591091	18.782582	28.480211	33.032279
ALVIN_mwc3188_G.nii	278.633062	26.745491	17.979440	27.566963	32.955915	290.360652	30.644017	18.619004	29.285706	39.799497
ALVIN_mwc3188_H.nii	276.584725	26.699530	17.667372	27.770517	34.683507	271.956785	26.846459	17.386906	28.544748	32.746911
ALVIN_mwc3188_I.nii	275.299809	26.286396	18.220086	27.673354	32.512541	272.575072	26.278671	17.625012	28.788251	32.122773
ALVIN_mwc3188_J.nii	276.148876	26.649500	17.869918	27.812873	34.055049	273.606250	27.267078	17.957823	28.168404	33.186923
ALVIN_mwc3188_K.nii	276.056446	26.834889	17.856186	28.046504	33.704153	272.071776	26.529084	17.873269	28.566681	31.841962
ALVIN_mwc3189_A.nii	277.786469	25.340482	18.168289	26.537903	30.621972	279.351010	27.318447	18.104936	26.284238	36.778064
ALVIN_mwc3189_B.nii	274.186177	25.537846	17.980534	27.869503	30.714555	255.582877	25.956672	17.349978	26.880098	36.206263
ALVIN_mwc3189_C.nii	280.522716	26.037758	28.948930	29.442163	18.212417	272.286651	25.621251	18.596411	28.052954	32.154439
ALVIN_mwc3189_D.nii	272.891432	25.552756	18.227101	26.735042	30.998829	267.901567	25.077106	18.029142	26.175343	32.002872
ALVIN_mwc3189_E.nii	274.927550	25.228885	18.259253	26.814466	29.387574	269.087651	25.135613	18.076876	26.582855	31.031602
ALVIN_mwc3189_F.nii	275.803201	25.585174	17.654276	27.499350	31.914903	269.693976	25.459396	18.456156	26.861886	30.990717
ALVIN_mwc3189_G.nii	272.506362	25.238675	18.226282	26.420463	31.314798	267.681642	24.885488	17.665109	26.549655	30.762383
ALVIN_mwc3189_H.nii	253.150406	27.501125	28.475890	26.488270	20.983778	270.071753	25.921634	18.485815	26.999280	34.406117
ALVIN_mwc3189_I.nii	273.993427	26.650014	18.371896	28.139484	32.167253	269.542220	25.335972	17.897541	27.433844	32.083178
ALVIN_mwc3189_J.nii	272.757991	25.606792	18.050784	26.725001	30.494068	270.027978	24.829386	18.217252	26.647179	30.630768
ALVIN_mwc3189_K.nii	276.794545	25.353371	17.900676	26.984001	29.228446	268.114219	25.338315	18.045269	26.466634	31.715364
ALVIN_mwc3189_L.nii	275.689984	25.390840	18.126711	27.644477	30.142123	271.654656	25.740687	18.379689	26.335381	32.560626
ALVIN_mwc3190_A.nii	295.676721	29.369117	19.394990	29.079586	45.495643	278.198764	27.624921	19.150716	29.038244	33.860181
ALVIN_mwc3190_B.nii	280.399414	26.911401	18.503226	28.308952	32.999982	258.932309	28.367993	18.891375	28.831119	36.151013
ALVIN_mwc3190_C.nii	299.489323	30.264029	19.303243	29.289007	40.468056	296.128796	29.169365	19.608031	29.021946	38.253939
ALVIN_mwc3190_D.nii	293.327375	28.835594	19.256426	28.745191	41.569219	280.007188	27.371006	19.023436	28.721813	34.223520
ALVIN_mwc3190_E.nii	294.894919	29.714062	19.467225	29.036311	39.982328	280.293467	27.911309	19.216625	29.062950	33.079006
ALVIN_mwc3190_F.nii	302.014728	29.257528	19.320328	28.728499	39.287553	290.419424	29.958883	19.608031	28.972985	41.748632
ALVIN_mwc3190_G.nii	292.493338	29.446840	19.140931	29.243875	42.228936	292.938476	29.054040	19.466133	29.516233	38.831550
ALVIN_mwc3190_H.nii	289.389587	29.463839	18.906941	28.827498	42.265336	277.914602	27.723970	19.023436	28.611293	33.315131
ALVIN_mwc3191_A.nii	291.976415	27.728838	17.690493	27.728838	35.183611	274.980584	27.734681	18.496677	28.843778	33.623126
ALVIN_mwc3191_B.nii	270.350173	27.652256	17.584547	27.652256	36.057305	277.587530	27.261376	18.418888	29.232948	35.224941
ALVIN_mwc3191_C.nii	277.432596	27.501873	17.746231	27.501873	42.298229	276.096103	27.391133	18.217252	28.768660	35.371466
ALVIN_mwc3191_D.nii	275.700545	25.849713	17.772676	26.954020	35.778522	276.806056	27.830545	18.231909	29.085468	34.229291
ALVIN_mwc3191_E.nii	285.859609	26.969174	17.612779	27.956709	41.859453	277.808015	27.374039	18.545872	28.925266	34.096880
ALVIN_mwc3191_F.nii	272.342251	25.659250	17.695665	27.686246	30.895390	276.789242	27.868975	18.460232	29.743561	34.287707
ALVIN_mwc3191_G.nii	272.947892	27.771076	18.427951	27.856700	34.151487	283.861337	29.606965	18.752560	29.604438	40.939635
ALVIN_mwc3191_H.nii	282.884231	27.420248	17.876742	27.410674	37.481705	328.858838	28.860063	18.895211	30.052776	34.435698
ALVIN_mwc3191_I.nii	285.404100	28.774115	18.003667	28.774115	39.799086	278.224543	27.681435	18.770063	29.441241	34.976170
ALVIN_mwc3191_J.nii	270.769354	25.727533	17.650606	27.798766	31.121015	275.957687	27.242129	18.369262	29.021502	35.377988
ALVIN_mwc3191_K.nii	278.965840	27.161808	17.952537	28.667337	32.162816	276.907688	27.594314	18.737931	29.524177	33.000573
ALVIN_mwc3191_L.nii	269.238621	25.783460	17.564038	27.375689	30.606926	286.694057	29.584974	18.462510	29.492892	39.451388
ALVIN_mwc3192_A.nii	268.972900	26.266485	17.714786	27.961941	30.065541	283.180173	28.510782	18.790473	28.501168	38.619518
ALVIN_mwc3192_B.nii	273.670344	26.662013	18.105599	27.804563	29.708616	271.031381	26.033624	18.829869	29.084133	30.526451
ALVIN_mwc3192_C.nii	269.973795	25.578101	17.942529	27.321732	29.017425	284.211133	28.601564	18.798454	27.502914	39.665630
ALVIN_mwc3192_D.nii	277.087549	26.292465	17.763466	27.688576	29.542427	274.237702	25.872150	18.786469	29.461332	32.805544
ALVIN_mwc3192_E.nii	269.542969	26.067525	17.775419	27.709607	29.433903	214.057405	25.778484	18.124575	30.108822	26.729999
ALVIN_mwc3192_F.nii	266.392066	26.315238	17.727447	27.820210	29.654436	273.929311	26.532199	18.822520	29.170512	32.544137
ALVIN_mwc3192_G.nii	272.888295	26.687754	18.117311	28.136471	29.690349	274.869123	27.022256	18.856982	29.524698	33.861414
ALVIN_mwc3192_H.nii	268.429270	25.720119	17.260760	27.199091	29.117594	296.612960	26.936694	18.847499	28.395773	37.477172
ALVIN_mwc3192_I.nii	267.505421	26.662323	17.907131	28.466628	30.414769	272.159871	27.147939	19.020693	29.762194	31.768341
ALVIN_mwc3192_J.nii	270.168709	26.497883	18.058314	27.831469	30.767608	272.542106	26.384452	18.741878	29.292582	31.146188
ALVIN_mwc3192_K.nii	270.520779	25.764767	17.810163	27.960411	29.962612	278.985473	28.154379	18.853966	28.729140	37.305844
ALVIN_mwc3193_A.nii	276.003536	24.962367	17.273137	25.761142	32.325451	274.579032	25.462191	18.484058	26.783883	31.667630
ALVIN_mwc3193_B.nii	276.498494	25.568072	16.528984	26.309491	31.881999	275.314738	25.355660	18.454257	27.000611	32.765711
ALVIN_mwc3193_C.nii	270.666452	25.977370	17.570088	26.007888	41.038680	276.431241	25.770590	18.484058	27.148522	30.912321
ALVIN_mwc3193_D.nii	273.589226	26.858861	17.085573	26.974768	41.157221	276.131339	26.078617	18.586073	27.239641	31.285616
ALVIN_mwc3193_E.nii	271.963366	26.022486	17.262585	26.098366	39.322363	274.294429	25.742934	18.159096	26.474531	34.107633
ALVIN_mwc3193_F.nii	275.619267	25.495405	17.080660	26.057919	32.461274	274.394664	26.097369	18.484058	27.328813	32.997689
ALVIN_mwc3193_G.nii	274.655315	25.290218	17.652162	26.085069	31.975905	273.957633	25.706331	18.188368	26.837078	30.600555
ALVIN_mwc3193_H.nii	276.322632	24.811292	17.552315	25.798146	31.682425	333.483945	27.955127	18.850949	27.621267	34.584661
ALVIN_mwc3193_I.nii	276.387989	25.320776	17.607466	26.215024	32.074761	274.971503	25.901783	18.484058	27.090128	32.937983
ALVIN_mwc3193_J.nii	275.841901	25.353266	16.581123	25.784922	31.642835	274.163245	26.429087	18.254921	26.967605	32.862800
ALVIN_mwc3193_K.nii	270.864636	26.320765	17.529524	26.682595	41.013344	277.521110	26.316222	18.625404	27.132936	32.559887
ALVIN_mwc3194_A.nii	266.464623	26.670310	17.556695	27.662373	40.295839	271.684429	29.320039	31.167418	29.042965	21.162233
ALVIN_mwc3194_B.nii	281.796342	25.903722	17.438573	28.420882	30.942178	275.377313	28.749508	29.506036	29.498294	21.678173
ALVIN_mwc3194_C.nii	283.167057	25.841895	17.419288	27.675677	31.283573	268.895592	28.934016	30.303218	28.415023	21.162233
ALVIN_mwc3194_D.nii	293.338475	27.620836	17.537931	28.544274	40.335808	270.144546	29.175313	31.178750	28.619717	21.265295
ALVIN_mwc3194_E.nii	283.654980	26.222423	17.130414	27.478502	32.493918	263.424588	29.285586	32.476681	28.850806	20.329292
ALVIN_mwc3194_F.nii	278.463632	26.234239	17.663732	27.481402	31.414430	267.109117	29.082487	31.994198	28.492688	21.162233
ALVIN_mwc3194_G.nii	285.854297	26.467974	17.491036	27.566712	32.554889	272.119469	29.245979	31.312369	29.033737	21.162233
ALVIN_mwc3194_H.nii	290.859031	27.803168	17.724192	27.803168	40.648323	266.049262	29.051863	31.498432	28.538407	21.162233
ALVIN_mwc3194_I.nii	279.050291	26.355392	17.567948	27.635200	31.312992	311.393867	29.562063	28.497227	31.237978	25.048780
ALVIN_mwc3194_J.nii	273.534305	27.490923	17.332315	27.984492	41.600024	259.521580	28.370159	31.000209	26.983710	20.380823
ALVIN_mwc3195_A.nii	285.779526	28.754044	17.907355	28.684342	43.069314	253.781192	28.199137	31.111374	27.380135	18.754922
ALVIN_mwc3195_B.nii	280.347886	28.232261	17.177348	28.415570	43.079874	254.128211	29.029301	31.312209	27.742238	20.641846
ALVIN_mwc3195_C.nii	289.436258	28.044456	17.808380	30.804279	34.127600	257.514396	29.150384	32.871446	27.705419	21.948732
ALVIN_mwc3195_D.nii	288.200050	27.491051	17.889386	28.966984	34.655015	258.148088	28.458253	31.822965	27.393696	19.440630
ALVIN_mwc3195_E.nii	288.648833	27.431141	17.905365	28.533402	33.227643	292.175397	29.686278	17.828464	29.686278	41.064915
ALVIN_mwc3195_F.nii	287.611441	27.762893	18.221953	29.962702	34.141605	259.081481	29.373239	33.009121	27.888259	22.525954
ALVIN_mwc3195_G.nii	284.059871	27.572899	18.730913	29.946151	35.078702	261.582109	29.741840	31.391927	30.868938	22.872063
ALVIN_mwc3195_H.nii	290.757260	29.155433	18.445551	28.881689	42.261678	313.799466	30.713743	20.067946	30.251110	41.650129
ALVIN_mwc3195_I.nii	282.809386	29.003498	18.422049	28.833199	43.647758	308.518934	30.275944	18.408161	29.891199	38.775345
ALVIN_mwc3195_J.nii	284.997702	27.622648	18.088712	28.853849	33.728534	273.585956	27.918214	18.413666	29.016326	34.828348
ALVIN_mwc3195_K.nii	287.074324	27.609467	17.615806	29.283060	34.491710	265.535691	28.512976	33.160345	27.259104	18.785693
ALVIN_mwc3195_L.nii	291.409576	28.078457	18.101500	29.692923	32.299943	283.669074	28.326861	18.322715	29.278248	35.528329
ALVIN_mwc3196_A.nii	282.758755	27.489723	17.145116	28.214163	34.729838	299.241018	29.252376	19.016454	28.010210	38.136094
ALVIN_mwc3196_B.nii	291.023121	28.695307	17.520779	28.574413	40.556809	280.174016	26.483158	18.531379	28.503362	34.344455
ALVIN_mwc3196_C.nii	287.387066	28.123373	18.505357	27.754163	38.439402	288.993491	30.307434	19.488949	29.587944	44.233880
ALVIN_mwc3196_D.nii	276.614005	27.639452	17.111713	27.639452	42.601090	284.557982	28.822192	18.698687	28.822192	40.257613
ALVIN_mwc3196_E.nii	276.925932	26.326938	17.493004	27.401906	33.892384	288.277762	28.592757	19.020693	28.062852	38.440086
ALVIN_mwc3196_F.nii	289.716690	28.017105	17.188795	28.017105	40.036013	281.684141	26.839634	18.715203	28.352636	35.182146
ALVIN_mwc3196_G.nii	283.285502	26.949669	17.653073	28.817889	34.903353	298.199834	30.236758	19.402202	29.184558	40.786119
ALVIN_mwc3196_H.nii	280.693139	26.941050	17.581997	27.441227	33.797384	280.895592	26.533506	18.696438	28.616177	34.195568
ALVIN_mwc3196_I.nii	289.874316	28.197575	17.344606	28.426631	41.216456	282.134400	27.937961	18.528834	27.618209	40.712933
ALVIN_mwc3197_A.nii	268.205060	22.907979	14.651131	23.628398	25.873833	265.487700	23.105351	15.442551	24.016293	27.621220
ALVIN_mwc3197_B.nii	269.459034	23.435725	15.390970	24.148486	27.743024	272.003612	23.675086	15.997928	24.515998	28.638271
ALVIN_mwc3197_C.nii	269.007750	22.994333	15.026647	23.697967	26.810964	299.408130	24.449135	16.959522	24.351630	32.042326
ALVIN_mwc3197_D.nii	268.067067	23.189325	15.603867	23.606726	26.770901	270.657544	23.551294	16.286291	24.451165	26.770440
ALVIN_mwc3197_E.nii	268.578519	23.328064	15.272424	24.018736	27.112422	262.988904	23.455721	16.753798	24.288653	27.874068
ALVIN_mwc3197_F.nii	273.966436	22.506823	14.081462	23.285071	29.771810	262.604908	23.811379	16.181025	24.040898	28.231804
ALVIN_mwc3197_G.nii	269.514703	22.712230	14.571138	23.255388	27.688986	270.589438	22.992189	15.614210	24.045033	28.376034
ALVIN_mwc3197_H.nii	266.943776	22.567469	15.298225	23.123950	26.124549	271.850006	23.144399	16.034867	24.511760	26.954137
ALVIN_mwc3197_I.nii	271.093622	22.949395	15.315454	23.497911	28.473050	271.927453	23.377025	15.545264	24.343934	26.742647
ALVIN_mwc3197_J.nii	267.804350	22.788617	15.491678	23.048651	27.794059	267.472240	23.676681	15.886090	24.158424	28.300007
ALVIN_mwc3198_A.nii	272.705569	25.334686	18.303508	26.668765	31.423965	276.786851	27.296523	18.583968	28.433406	33.501200
ALVIN_mwc3198_B.nii	272.021416	25.776580	18.363956	26.844992	31.347835	272.157382	27.294592	18.507388	28.601912	33.666489
ALVIN_mwc3198_C.nii	272.572220	25.621419	17.476822	27.163696	31.276144	274.858651	26.888328	18.353177	29.239105	34.137944
ALVIN_mwc3198_D.nii	273.226823	26.135082	17.693703	26.869007	30.759631	278.431642	26.842454	18.938786	28.819127	33.193418
ALVIN_mwc3198_E.nii	272.783278	26.133050	17.994751	27.161202	31.289794	272.659505	27.445130	18.707967	28.687500	32.998751
ALVIN_mwc3198_F.nii	272.351497	26.109089	18.237617	27.245268	30.997121	276.461126	26.965596	18.915603	28.138654	33.452464
ALVIN_mwc3198_G.nii	273.710028	26.162950	17.940331	26.704509	31.858750	275.743530	27.186860	19.078083	29.130503	34.484677
ALVIN_mwc3198_H.nii	271.994220	26.058637	17.587175	26.752808	31.777022	276.082843	27.376153	18.422704	27.998768	33.712795
ALVIN_mwc3198_I.nii	275.121080	26.242968	18.262830	27.683434	30.056660	279.816038	27.574283	19.214121	29.953842	34.411066
ALVIN_mwc3198_J.nii	282.099628	26.788504	17.999005	26.788504	35.318992	275.596760	27.491358	18.975644	29.294621	34.586787
ALVIN_mwc3198_K.nii	273.649718	25.584804	17.843427	26.899937	30.362373	275.468682	27.062506	18.972019	28.608814	33.297321
ALVIN_mwc3199_A.nii	273.559742	24.424394	16.004001	25.094159	31.024748	276.500425	25.331047	17.324748	26.745033	31.912432
ALVIN_mwc3199_B.nii	273.545851	25.252659	15.743861	26.013067	30.546824	273.274821	25.415181	17.582778	27.421442	32.584577
ALVIN_mwc3199_C.nii	273.776898	24.591120	15.547077	25.571494	30.814993	272.970651	25.938699	17.695455	27.201074	31.834324
ALVIN_mwc3199_D.nii	273.552221	24.670215	15.665425	25.303646	30.480392	273.268262	25.485949	17.746183	27.196329	30.820536
ALVIN_mwc3199_E.nii	274.103122	24.906000	15.459935	25.692879	30.072151	256.830182	26.204868	17.797093	27.110258	33.211714
ALVIN_mwc3199_F.nii	273.472502	24.833064	15.386272	25.502434	30.481609	272.849933	25.400291	17.315747	27.448344	32.741319
ALVIN_mwc3199_G.nii	272.604609	24.547717	15.632868	25.746849	30.370286	273.759528	25.525552	17.201682	26.638117	31.310576
ALVIN_mwc3199_H.nii	274.031793	24.500405	15.170626	25.316561	30.673505	268.945250	25.658562	17.594047	27.436705	31.197130
ALVIN_mwc3199_I.nii	271.245343	25.088783	15.665425	25.632357	30.720709	273.402160	25.219431	17.754304	26.263876	31.345350
ALVIN_mwc3199_J.nii	273.029821	24.393574	15.665425	25.981855	30.405179	274.228763	25.759188	17.506181	26.407462	32.824748
ALVIN_mwc3200_A.nii	263.814310	24.205044	16.334854	24.708697	31.274215	265.986479	24.499076	16.940764	25.528998	29.008032
ALVIN_mwc3200_B.nii	266.979606	23.647359	16.738271	25.349953	30.996758	264.299651	24.443536	18.432255	25.361703	31.088888
ALVIN_mwc3200_C.nii	269.689571	25.295549	17.378490	25.104901	38.706792	272.862970	25.080826	15.585094	25.852434	29.639304
ALVIN_mwc3200_D.nii	272.286145	24.217264	15.849892	25.303631	31.761117	270.351564	24.169864	15.821610	25.825127	31.139713
ALVIN_mwc3200_E.nii	271.270459	23.977855	15.610449	24.914297	28.872042	262.938811	24.579547	18.439543	25.710419	30.192158
ALVIN_mwc3200_F.nii	274.078866	24.773816	15.224198	24.773816	38.706408	269.518756	24.629112	16.323062	25.539078	28.752732
ALVIN_mwc3200_G.nii	272.468068	24.214831	16.359756	24.841588	29.041987	273.014473	24.422097	15.474330	25.629689	30.001214
ALVIN_mwc3200_H.nii	270.775668	24.246807	15.887205	25.355994	29.096795	267.649673	24.857194	16.242204	25.958279	30.359976
ALVIN_mwc3200_I.nii	262.864639	24.983112	15.672281	25.059096	37.700608	273.005541	24.177125	15.878770	25.582935	29.187515
ALVIN_mwc3200_J.nii	264.648759	24.143586	17.153907	24.864877	30.258036	270.714655	24.395212	16.086773	26.056261	29.527825
ALVIN_mwc3201_A.nii	268.869741	23.431632	15.925644	23.965596	29.562101	267.642913	24.358205	16.313610	25.105341	30.169090
ALVIN_mwc3201_B.nii	264.212049	22.822361	15.627328	23.738019	27.832586	267.698044	24.278881	16.691478	24.985118	29.899040
ALVIN_mwc3201_C.nii	269.361384	22.663978	15.705695	23.884987	28.867493	265.883705	23.763900	16.179281	24.966426	30.061221
ALVIN_mwc3201_D.nii	275.917871	23.751350	15.853437	24.375651	30.145212	270.309817	24.702859	16.750588	26.824501	31.774511
ALVIN_mwc3201_E.nii	268.183971	23.210476	16.377783	24.250694	29.299699	273.075427	24.995386	17.594094	25.322929	30.454517
ALVIN_mwc3201_F.nii	269.867518	22.995343	15.694079	23.401036	29.336529	269.782510	24.712190	16.689328	25.181498	30.012779
ALVIN_mwc3201_G.nii	267.402787	22.946944	16.386338	23.680814	30.305878	269.225479	24.777042	16.950946	25.275649	29.952133
ALVIN_mwc3201_H.nii	265.522698	22.994025	15.875138	23.861087	29.987742	269.934100	24.875410	17.971500	26.120336	29.355748
ALVIN_mwc3202_A.nii	270.310218	24.013613	17.429494	25.032364	30.430452	245.789309	25.413208	17.124724	25.811857	34.972614
ALVIN_mwc3202_B.nii	267.310130	24.180377	16.295446	25.159689	29.293031	257.533960	25.174502	17.063366	26.008552	33.465263
ALVIN_mwc3202_C.nii	272.006853	23.954957	16.227877	24.640789	32.070299	261.640147	25.497168	17.841938	25.301107	34.650298
ALVIN_mwc3202_D.nii	261.994743	24.849854	16.115700	25.243387	29.631897	250.768229	25.403920	16.791603	26.205236	39.229108
ALVIN_mwc3202_E.nii	268.203493	24.384716	16.036396	25.652710	30.376014	269.440495	24.342725	16.964384	26.196240	29.091561
ALVIN_mwc3202_F.nii	272.156434	24.726109	16.344902	25.329882	28.976257	248.297064	25.582160	16.464788	26.355688	40.231447
ALVIN_mwc3202_G.nii	260.977330	24.339321	17.018219	25.231531	29.864288	212.242484	24.111458	16.812968	26.397099	24.894230
ALVIN_mwc3202_H.nii	261.155101	24.769540	16.757305	25.559644	30.078068	275.747599	26.195804	16.879394	26.499562	36.440745
ALVIN_mwc3202_I.nii	266.609029	24.018159	16.002275	25.118076	30.105230	287.928028	25.746112	18.258496	25.823644	33.650442
ALVIN_mwc3202_J.nii	274.817235	24.325635	16.697370	25.657880	30.923162	266.616066	24.596667	16.843978	25.787892	30.276959
ALVIN_mwc3202_K.nii	273.204581	24.341906	16.108305	25.322257	30.372121	269.200193	24.955604	16.756475	26.204555	29.922582
ALVIN_mwc3202_L.nii	267.524355	24.310058	16.024580	24.960541	29.639220	262.106885	25.300925	16.742346	26.198109	29.253579
ALVIN_mwc3203_A.nii	278.181175	26.929588	17.907730	28.425262	31.982164	278.679933	28.437368	19.094820	31.394723	32.165652
ALVIN_mwc3203_B.nii	279.119083	27.519272	18.518494	29.840932	32.557193	263.682829	29.970815	30.534926	29.832169	20.831932
ALVIN_mwc3203_C.nii	276.256596	26.623305	17.418282	28.596678	31.367432	280.420682	28.741118	19.358351	30.974705	32.483225
ALVIN_mwc3203_D.nii	273.942066	27.717174	17.897722	28.996586	42.097297	277.891886	28.646679	19.197199	30.998478	32.668895
ALVIN_mwc3203_E.nii	279.589095	26.999281	18.144364	28.551816	31.039861	280.763030	28.476747	19.458788	30.824456	33.390913
ALVIN_mwc3203_F.nii	274.413491	27.242001	18.099117	28.853974	30.855170	260.775562	30.519941	29.975509	33.941125	22.192172
ALVIN_mwc3203_G.nii	276.309696	27.418551	19.023083	29.736060	31.272174	290.472833	30.736676	30.407188	34.436769	26.534616
ALVIN_mwc3203_H.nii	281.367551	26.771503	18.039015	28.550615	30.497268	279.914970	28.242087	19.453043	30.798825	33.594241
ALVIN_mwc3203_I.nii	270.833692	27.961019	17.965691	28.912093	42.607997	279.538804	28.397533	19.453043	31.003215	31.954956
ALVIN_mwc3203_J.nii	283.926379	26.771664	18.216481	28.480684	31.142015	258.318104	29.663428	30.760597	29.663428	20.810887
ALVIN_mwc3203_K.nii	275.621253	26.945663	17.930129	28.203235	30.664536	278.086163	28.195911	19.197199	31.078910	32.244986
ALVIN_mwc3203_L.nii	278.854795	26.845051	18.228802	28.333338	32.207317	278.930798	28.300409	19.160786	31.498816	32.569095
ALVIN_mwc3204_A.nii	280.255436	26.675100	18.322992	29.459764	31.383344	283.138844	25.785204	19.012611	29.451228	31.527243
ALVIN_mwc3204_B.nii	281.207450	26.316943	18.492320	29.441311	30.822837	275.486309	25.501366	19.324480	30.166680	32.220636
ALVIN_mwc3204_C.nii	292.655583	29.005184	18.733950	28.449287	39.402818	279.605910	27.553976	19.341098	29.207881	39.512577
ALVIN_mwc3204_D.nii	282.067369	26.496855	18.620604	30.011243	31.134469	280.972355	25.931655	19.007603	29.926859	32.126751
ALVIN_mwc3204_E.nii	295.211333	29.372805	18.784628	29.372805	39.646026	275.156189	25.629585	19.343180	29.846522	31.035921
ALVIN_mwc3204_F.nii	274.275379	27.742365	18.592566	30.190366	40.098759	278.340878	26.519584	19.543479	30.120535	32.402732
ALVIN_mwc3204_G.nii	278.209507	26.178261	18.848884	29.295594	32.697189	282.015700	25.978577	18.885397	29.517750	32.655086
ALVIN_mwc3204_H.nii	276.209825	26.312834	18.602143	29.583063	30.460763	274.893434	26.062635	18.983260	30.124432	30.351128
ALVIN_mwc3204_I.nii	261.050176	29.782924	28.534785	32.725150	26.596579	279.221493	26.150786	19.543378	30.326151	32.476071
ALVIN_mwc3204_J.nii	281.034625	26.053174	18.334718	29.948639	31.197699	283.995761	27.568446	19.362073	29.240707	39.047095
ALVIN_mwc3204_K.nii	261.056197	29.713230	28.969846	34.811479	26.596579	283.327493	26.386666	19.453191	30.557271	32.226926
ALVIN_mwc3204_L.nii	282.777044	26.244184	28.359790	31.110429	18.365662	278.607575	25.901820	19.420960	30.340495	32.508445
ALVIN_mwc3205_A.nii	278.050982	28.812777	31.564570	29.396039	18.158687	282.718530	29.239164	18.769188	29.219341	40.552814
ALVIN_mwc3205_B.nii	276.988380	27.391322	30.845395	29.797692	18.504499	283.013000	27.450650	19.100692	29.879652	35.594102
ALVIN_mwc3205_C.nii	274.748598	26.441169	30.745457	29.480853	18.821569	276.393450	28.473833	18.733712	29.283752	41.254089
ALVIN_mwc3205_D.nii	277.712483	27.302689	30.708723	30.321282	18.136126	300.544929	31.940942	19.279106	30.756597	42.219012
ALVIN_mwc3205_E.nii	276.043141	28.773656	32.203385	29.775517	18.608507	276.783852	25.975641	18.391557	29.432836	33.207454
ALVIN_mwc3205_F.nii	271.590482	26.826049	30.624579	29.968921	18.227625	283.360764	28.985136	18.841232	28.687513	38.403258
ALVIN_mwc3205_G.nii	278.837696	27.566157	30.424197	30.139704	18.320872	279.828092	26.699653	18.549363	30.025991	33.198459
ALVIN_mwc3205_H.nii	275.146977	29.399427	32.331988	30.544031	18.445624	274.874476	27.429428	18.517299	29.718568	35.444173
ALVIN_mwc3205_I.nii	279.547838	27.158293	31.568334	31.735910	18.452547	286.532139	29.851520	19.157303	30.250853	40.486565
ALVIN_mwc3205_J.nii	273.546918	28.839500	31.551357	30.752802	18.762079	282.941956	28.650096	18.869590	28.609385	40.098238
ALVIN_mwc3205_K.nii	276.023877	27.360090	30.005451	30.791846	18.794323	277.785755	26.835988	18.783684	29.027921	34.445421
ALVIN_mwc3205_L.nii	278.348727	26.624475	29.799937	29.306411	18.320596	282.955610	26.812477	18.273246	28.885670	33.583308
ALVIN_mwc3206_A.nii	278.551749	26.345266	17.633984	28.779249	31.442035	273.397908	26.904049	17.782634	29.831348	34.292643
ALVIN_mwc3206_B.nii	282.214022	26.624616	17.993835	27.802382	33.853782	273.550419	27.042848	18.279351	29.415674	33.891849
ALVIN_mwc3206_C.nii	278.885684	26.644952	17.714097	29.005695	32.275632	275.819183	27.225166	17.882774	29.421733	34.227107
ALVIN_mwc3206_D.nii	254.676483	27.861608	29.891594	27.844243	19.514833	275.995379	27.349910	17.956738	29.717729	33.661202
ALVIN_mwc3206_E.nii	256.085291	28.617671	30.010939	28.636087	19.263931	279.520124	27.563728	18.415047	30.449934	32.940890
ALVIN_mwc3206_F.nii	279.549532	26.228273	18.257134	31.486009	29.930005	281.644681	30.303115	28.783092	33.753882	25.792575
ALVIN_mwc3206_G.nii	280.806953	28.310122	18.422167	28.310122	41.931407	276.836113	26.872285	18.345372	29.277568	31.910214
ALVIN_mwc3206_H.nii	281.212764	26.449597	17.970807	28.866468	31.312144	279.137144	29.037063	18.067189	28.281564	40.328087
ALVIN_mwc3206_I.nii	277.237489	25.977261	18.289926	28.870470	31.577891	280.615426	28.857595	18.146812	29.376785	41.713916
ALVIN_mwc3206_J.nii	283.138613	26.185477	17.245360	28.431944	33.240502	268.996226	28.163074	30.518721	28.347766	20.543230
ALVIN_mwc3206_K.nii	280.369760	26.433766	17.966429	28.885651	31.906329	277.144521	26.847321	18.184786	29.432332	32.197542
ALVIN_mwc3206_L.nii	280.965368	26.557760	18.108726	28.063648	31.476782	268.287870	27.083383	18.517946	29.769698	33.729685
ALVIN_mwc3207_A.nii	279.505204	27.303181	17.821615	27.942489	31.165293	280.081616	27.736106	18.364498	28.691962	37.472682
ALVIN_mwc3207_B.nii	283.745952	28.993766	17.962836	28.993766	40.025613	304.081291	30.126460	19.412500	30.061328	37.005591
ALVIN_mwc3207_C.nii	254.364715	29.402858	29.737513	31.036297	25.457892	281.029555	27.810810	18.951629	31.582900	31.782105
ALVIN_mwc3207_D.nii	278.942080	26.816648	17.483205	29.016038	31.514106	315.269853	29.368150	19.150719	29.551167	37.508963
ALVIN_mwc3207_E.nii	284.150295	27.458180	17.875658	28.627934	33.495161	345.862968	29.272209	20.309973	31.138498	29.937358
ALVIN_mwc3207_F.nii	280.038524	27.391779	17.214957	28.101712	32.860165	276.687249	26.670762	18.241607	29.186831	31.423370
ALVIN_mwc3207_G.nii	274.491245	26.516586	17.272839	27.832666	30.344010	275.827385	27.204486	17.265105	29.372461	30.408169
ALVIN_mwc3207_H.nii	277.681873	27.430827	17.337597	28.276487	31.646994	262.653865	28.950449	29.902156	29.935424	20.088697
ALVIN_mwc3207_I.nii	277.162145	26.701979	17.413385	27.832056	30.224329	288.060711	29.920247	20.245916	29.422679	36.893020
ALVIN_mwc3207_J.nii	275.498930	27.335120	17.168781	28.179921	31.438358	283.252753	26.749022	18.457078	30.523427	29.752935
ALVIN_mwc3207_K.nii	280.554188	26.953654	17.645415	28.133414	31.866157	277.358331	29.363474	19.596278	28.837215	38.141549
ALVIN_mwc3208_A.nii	273.977591	24.793901	17.358963	26.590404	30.788094	272.186062	24.870813	17.231922	25.775654	28.984714
ALVIN_mwc3208_B.nii	273.264060	25.189043	17.383863	26.358644	30.573172	272.535943	24.488935	17.098984	25.706376	28.771757
ALVIN_mwc3208_C.nii	273.689897	25.362963	18.137406	26.518157	31.394197	273.029260	25.070198	18.245140	26.800347	30.062855
ALVIN_mwc3208_D.nii	274.858295	24.937656	17.235455	26.200440	30.227141	270.802062	24.672018	17.312690	26.286997	27.997866
ALVIN_mwc3208_E.nii	273.491923	24.821325	17.270445	26.439654	29.452978	271.821271	24.611837	17.727320	25.807365	28.899566
ALVIN_mwc3208_F.nii	276.736543	25.214653	17.083595	26.356162	29.705272	270.991898	24.771719	17.275064	26.292546	27.810909
ALVIN_mwc3208_G.nii	274.947639	25.603306	17.763627	26.255904	30.075318	272.509119	25.244031	17.286106	26.379742	29.952526
ALVIN_mwc3208_H.nii	275.766948	25.027502	17.421693	26.683898	28.682085	271.312210	24.768257	17.304313	26.066939	28.608427
ALVIN_mwc3208_I.nii	273.362476	24.722320	17.372300	26.066799	30.108636	271.590608	24.472049	17.304600	26.109221	27.812223
ALVIN_mwc3208_J.nii	273.602480	24.951460	17.121903	26.315593	31.725895	271.947592	24.853096	17.446419	26.379649	29.026197
ALVIN_mwc3209_A.nii	281.354667	28.469642	32.120424	31.574606	18.836461	286.078429	29.450630	19.378254	32.138150	38.275804
ALVIN_mwc3209_B.nii	282.134035	28.540251	31.829258	31.376729	19.194072	267.195229	31.053508	35.930294	30.308943	20.329292
ALVIN_mwc3209_C.nii	277.535008	30.239745	18.843040	32.994125	34.932949	283.419109	31.360837	19.319714	33.558068	36.099203
ALVIN_mwc3209_D.nii	256.188306	32.280438	32.466003	35.460825	26.555456	255.950700	31.222288	35.412930	30.349017	19.496351
ALVIN_mwc3209_E.nii	284.163513	28.644749	32.944235	31.580517	19.157968	225.848476	32.354475	33.747927	34.093688	17.234985
ALVIN_mwc3209_F.nii	260.758899	31.215454	31.982460	33.380440	26.596579	267.257205	31.067012	35.597969	30.211262	20.329292
ALVIN_mwc3209_G.nii	281.842252	28.690276	33.015290	31.052536	19.319722	294.571217	32.597303	34.060532	33.980124	25.749500
ALVIN_mwc3209_H.nii	281.344526	28.673462	32.438890	31.077329	19.239074	252.018651	33.247310	33.451282	35.093053	21.734707
ALVIN_mwc3209_I.nii	284.181330	28.881190	32.168236	31.416606	19.363531	265.703785	31.292452	35.791934	30.276763	20.329292
ALVIN_mwc3209_J.nii	279.243290	29.010324	19.236338	31.002599	34.995954	248.243245	30.596917	32.981327	35.861436	19.335390
ALVIN_mwc3210_A.nii	270.782991	27.440420	18.799831	28.310142	44.601725	279.544574	27.508572	18.827914	28.572981	33.275227
ALVIN_mwc3210_B.nii	283.403288	27.928361	18.841911	28.227096	42.195186	283.448275	27.296198	18.860554	28.717280	34.387344
ALVIN_mwc3210_C.nii	277.694058	26.536165	18.556044	28.436933	34.176874	279.689365	27.214119	18.559845	28.987634	33.374946
ALVIN_mwc3210_D.nii	278.931164	27.336611	18.641197	29.328230	34.200569	283.563255	27.736470	18.960241	29.080836	33.441141
ALVIN_mwc3210_E.nii	274.994799	27.580503	17.992792	28.392907	43.206876	280.932757	27.193783	18.763040	28.647087	33.180249
ALVIN_mwc3210_F.nii	278.464094	26.984380	18.590856	28.903713	33.244663	294.855814	30.767791	19.454944	29.276507	41.126687
ALVIN_mwc3210_G.nii	277.613916	27.137516	18.089411	28.219433	33.329570	292.610332	29.628042	19.156147	28.844906	41.091197
ALVIN_mwc3210_H.nii	277.757675	27.130588	18.611589	28.783725	35.757931	281.307723	27.330840	18.776843	28.782179	33.522319
ALVIN_mwc3210_I.nii	283.273109	28.169233	18.145999	28.248339	42.149073	279.825811	26.800604	18.800768	29.331186	32.424900
ALVIN_mwc3210_J.nii	278.949071	26.688778	18.682855	28.700240	33.047899	281.379713	27.272207	18.856806	29.324316	32.422649
ALVIN_mwc3211_A.nii	277.069424	25.038963	16.669165	26.693236	31.680397	278.999042	25.040873	17.370757	26.247054	30.471982
ALVIN_mwc3211_B.nii	281.521805	25.242830	16.989467	27.517703	30.709459	278.959450	25.223897	16.513023	27.482222	30.824013
ALVIN_mwc3211_C.nii	281.154762	24.999579	16.904360	26.672805	30.476671	278.841093	25.897200	16.908186	26.824091	30.236784
ALVIN_mwc3211_D.nii	274.025859	26.438624	16.559407	26.697516	41.504618	278.659066	25.739658	17.470847	28.041915	30.870285
ALVIN_mwc3211_E.nii	280.555491	25.664819	17.571344	27.023354	31.403416	260.906445	28.585976	29.015205	29.375337	23.637682
ALVIN_mwc3211_F.nii	272.410545	24.797670	16.493768	26.663479	32.026639	277.679994	25.361835	18.245782	26.204407	30.934175
ALVIN_mwc3211_G.nii	283.568821	25.004238	16.575965	26.407242	31.634183	265.650313	26.780062	17.368217	27.173600	39.840894
ALVIN_mwc3211_H.nii	280.270842	24.834215	16.408449	26.662588	30.663702	272.918470	27.635250	27.736837	28.941446	22.886487
ALVIN_mwc3211_I.nii	275.739566	25.279429	16.938283	27.149734	30.079527	277.384747	25.481035	17.419665	27.181627	30.379833
ALVIN_mwc3211_J.nii	280.111986	25.566787	17.296782	27.069533	31.760842	273.241610	26.784650	17.503589	28.278371	36.308412
ALVIN_mwc3211_K.nii	273.808462	25.006541	16.611078	26.566616	31.274782	293.528168	28.807382	18.418525	27.826506	37.151883
ALVIN_mwc3211_L.nii	280.900337	24.766584	16.445000	26.537034	30.776706	278.972727	25.448537	17.108182	26.584563	31.573424
ALVIN_mwc3212_A.nii	276.754463	26.160847	18.004607	27.178528	32.497080	274.490608	25.946131	17.100878	26.927888	29.724676
ALVIN_mwc3212_B.nii	276.025108	25.733389	17.733365	27.335921	32.385647	275.591662	25.924749	16.735628	27.022269	29.922236
ALVIN_mwc3212_C.nii	276.459058	26.059195	18.024658	27.269389	33.593476	274.343022	25.085258	17.483345	26.843415	28.341286
ALVIN_mwc3212_D.nii	275.941820	26.143705	17.538051	27.534353	33.470978	274.742652	25.234915	17.281704	26.754114	30.349925
ALVIN_mwc3212_E.nii	275.749392	25.664198	17.290214	27.176576	34.104974	275.836054	25.434456	17.614113	26.476359	29.078259
ALVIN_mwc3213_A.nii	270.573931	24.844291	17.493970	27.037270	30.650031	271.612498	25.409399	16.107096	27.708424	30.549326
ALVIN_mwc3213_B.nii	268.607436	25.141816	17.423203	27.076344	30.888530	270.132068	25.672651	16.985579	27.702543	31.116103
ALVIN_mwc3213_C.nii	271.558333	24.422168	17.327300	26.943219	31.248001	276.995610	25.740446	16.283702	27.472229	31.259613
ALVIN_mwc3213_D.nii	271.101113	24.933908	17.488526	26.873299	31.525475	272.418662	24.967875	16.635269	27.697100	29.730286
ALVIN_mwc3213_E.nii	270.673353	24.960076	17.305181	26.820921	30.500408	273.050049	25.425053	17.451682	27.636356	33.894230
ALVIN_mwc3213_F.nii	271.750198	24.456954	18.423516	26.976260	30.603201	275.099178	25.439119	16.587839	27.544392	31.309790
ALVIN_mwc3213_G.nii	271.269092	25.100737	17.845384	27.148630	33.426363	268.198669	25.627226	17.072044	27.043889	32.576128
ALVIN_mwc3213_H.nii	270.937740	24.667314	17.165909	26.823882	30.981613	271.548647	24.938471	16.662125	27.370538	31.640547
ALVIN_mwc3213_I.nii	272.064651	25.105917	17.109316	26.980782	30.330605	276.014307	25.315219	17.251689	27.961378	30.851385
ALVIN_mwc3213_J.nii	274.437373	25.503276	17.685717	28.198611	30.640795	274.600030	26.052998	17.102206	27.743201	32.001071
ALVIN_mwc3213_K.nii	271.387578	24.950342	17.488897	26.519508	30.170513	273.209171	25.135629	16.476065	27.175609	32.166958
ALVIN_mwc3213_L.nii	272.840343	24.814015	16.949781	26.522181	31.194144	271.280789	25.220336	16.296621	27.546283	30.711433
ALVIN_mwc3214_A.nii	283.119016	26.949322	18.188664	29.165563	37.275379	262.550245	28.939237	32.113010	28.615340	19.646503
ALVIN_mwc3214_B.nii	254.227496	29.147106	31.479009	27.893889	21.024745	277.271055	28.347813	18.430754	30.263855	34.730365
ALVIN_mwc3214_C.nii	286.943282	27.037029	17.889043	28.618952	33.750131	258.158577	29.084610	31.700457	27.860220	19.948636
ALVIN_mwc3214_D.nii	275.834719	26.325442	19.441469	28.875509	31.630462	265.590221	29.257279	30.761223	28.914696	20.899662
ALVIN_mwc3214_E.nii	277.747090	26.613547	18.221644	28.708578	34.724973	262.407667	28.976614	31.997074	28.479105	20.139234
ALVIN_mwc3214_F.nii	291.700612	28.929035	17.968196	28.616548	39.416454	278.268484	28.031999	18.234780	30.803822	35.491477
ALVIN_mwc3214_G.nii	255.978930	28.438744	29.960291	28.512251	20.977883	266.645821	30.052835	31.705746	29.730921	19.785517
ALVIN_mwc3214_H.nii	278.887708	26.651201	17.603312	29.153215	32.662189	277.161120	28.238515	18.279419	29.819047	34.871390
ALVIN_mwc3214_I.nii	285.895123	27.224858	18.245858	30.465936	34.434803	276.841710	27.899350	18.452362	29.347888	34.811123
ALVIN_mwc3214_J.nii	281.292689	26.914601	17.710794	28.760909	32.908516	279.823840	28.048086	18.392518	30.082192	34.571908
ALVIN_mwc3214_K.nii	284.429165	26.755085	29.896287	31.353784	18.138317	272.216844	29.769253	31.240369	29.769253	21.162233
ALVIN_mwc3215_A.nii	277.721167	25.662884	17.410925	26.488177	30.328018	287.776701	30.306714	18.807132	28.772970	43.019214
ALVIN_mwc3215_B.nii	274.078214	26.597513	18.487357	27.693234	33.686539	285.817002	30.458696	19.442639	28.817198	44.121349
ALVIN_mwc3215_C.nii	277.081255	25.438087	17.673106	26.530511	30.510880	284.619078	29.232767	18.991615	28.868051	40.775641
ALVIN_mwc3215_D.nii	277.305610	25.667703	17.737745	26.799766	30.397382	284.196229	28.624614	18.735652	28.624614	40.360912
ALVIN_mwc3215_E.nii	276.702874	25.599394	17.095342	26.616670	29.916623	284.720732	29.751068	18.466314	28.044428	45.711946
ALVIN_mwc3215_F.nii	281.903117	26.293820	17.448950	27.881873	31.572252	296.119570	31.213965	19.614516	30.139305	45.520971
ALVIN_mwc3215_G.nii	278.153811	25.512845	17.591624	27.580340	31.228817	287.266323	30.619805	18.894843	29.354485	43.701278
ALVIN_mwc3215_H.nii	277.532560	25.561003	17.820169	26.841189	31.117132	284.164399	30.337655	19.214269	28.594251	45.134801
ALVIN_mwc3215_I.nii	276.944765	25.583820	17.675685	26.882464	30.529822	276.867809	26.783247	18.939040	28.258025	32.146791
ALVIN_mwc3215_J.nii	275.597839	25.612624	17.984611	26.862424	31.099161	265.488045	27.748158	28.990580	27.828690	15.811757
ALVIN_mwc3215_K.nii	276.551730	25.711154	17.793795	26.760768	30.321574	279.266820	26.741347	18.954707	28.303938	31.374941
ALVIN_mwc3216_A.nii	281.566093	26.700738	28.728381	30.780174	18.073713	258.535565	27.274315	28.022326	28.016786	19.508624
ALVIN_mwc3216_B.nii	282.105283	26.609965	28.932032	30.062951	18.807804	254.813119	27.591799	27.668846	28.148315	17.693121
ALVIN_mwc3216_C.nii	287.571830	26.402212	29.883051	30.529242	18.086542	251.295019	28.083902	28.478435	28.179169	20.991198
ALVIN_mwc3216_D.nii	284.962628	26.474739	28.368895	30.791673	19.239305	241.479870	29.639851	33.464019	29.858562	16.495707
ALVIN_mwc3216_E.nii	279.673971	26.916984	28.948918	30.942083	18.581611	254.720307	27.367510	28.015257	27.944975	17.602504
ALVIN_mwc3216_F.nii	287.384752	26.844445	29.075547	31.223141	19.451422	259.009856	30.032745	33.746327	28.606015	19.901471
ALVIN_mwc3216_G.nii	286.002051	26.900104	28.439240	30.949411	18.695158	258.986617	27.247059	28.228766	28.483163	20.355080
ALVIN_mwc3216_H.nii	283.768941	26.714336	28.948655	30.329989	18.956080	246.869361	30.089236	31.563128	28.688309	22.148849
ALVIN_mwc3216_I.nii	282.654897	26.811974	28.769922	31.406258	18.377074	276.858698	25.602591	28.055940	30.032000	17.575054
ALVIN_mwc3216_J.nii	259.523733	29.735680	29.500074	35.534567	24.824685	253.782615	27.189780	28.219866	27.189780	17.951835
ALVIN_mwc3217_A.nii	274.734277	25.008005	17.290591	26.203321	32.180233	263.760094	27.902671	30.721848	27.439553	21.858660
ALVIN_mwc3217_B.nii	279.102742	25.266297	16.938551	25.879311	30.548799	278.391105	26.567620	19.431283	28.823971	33.321293
ALVIN_mwc3217_C.nii	281.937633	25.064225	17.227968	25.844920	30.761320	256.972420	28.680632	32.099613	27.633994	21.925591
ALVIN_mwc3217_D.nii	276.429533	25.111375	17.182446	26.212659	31.309901	262.908409	28.315731	30.646078	27.376657	22.297621
ALVIN_mwc3217_E.nii	280.739950	25.282555	17.360198	26.317403	31.958825	305.309363	28.703682	29.868940	31.204033	23.609149
ALVIN_mwc3217_F.nii	275.203124	25.043426	16.723989	25.821766	31.367334	269.554507	28.431043	30.462827	27.915284	20.835066
ALVIN_mwc3217_G.nii	272.597648	25.493536	16.819757	25.899231	38.851397	283.356426	27.642994	18.860593	28.305258	40.171233
ALVIN_mwc3217_H.nii	275.942002	25.091867	17.235505	25.600600	31.888688	264.337507	29.038632	31.240468	28.316511	20.792043
ALVIN_mwc3217_I.nii	280.458941	25.953493	17.682966	26.592750	33.452926	265.090734	29.399037	32.555880	28.441459	18.856038
ALVIN_mwc3217_J.nii	277.814531	25.080819	17.551893	25.891286	32.031188	257.538648	28.568388	30.678713	28.374901	22.109002
ALVIN_mwc3217_K.nii	277.638313	24.936871	16.810973	25.614340	30.804699	255.247208	28.354168	32.474323	27.259899	24.755603
ALVIN_mwc3218_A.nii	266.854672	24.212198	15.094219	24.212198	31.880706	269.077191	24.159062	15.648461	24.854163	30.743510
ALVIN_mwc3218_B.nii	271.884837	23.773906	15.620111	24.528867	30.010611	268.793337	24.523949	15.724213	25.191760	29.952207
ALVIN_mwc3218_C.nii	270.936622	24.403769	15.416225	24.455900	32.111141	270.637172	24.749920	15.764519	25.659144	29.398946
ALVIN_mwc3218_D.nii	264.366872	24.197615	15.337357	24.197615	33.164805	266.653682	23.707093	15.637246	24.423835	30.298752
ALVIN_mwc3218_E.nii	277.755280	24.529993	15.188538	24.529993	34.955772	268.821270	24.240348	15.649645	25.361610	29.113329
ALVIN_mwc3218_F.nii	270.759949	23.674020	15.496339	24.611355	27.006275	269.909701	24.350054	16.146281	25.610969	30.513008
ALVIN_mwc3218_G.nii	268.148331	24.431960	15.425218	24.431960	32.924914	269.914375	26.014905	17.109892	25.474315	36.164526
ALVIN_mwc3218_H.nii	265.732113	24.414207	15.390517	24.460464	31.890366	266.501705	24.154937	15.547023	24.681016	29.273263
ALVIN_mwc3218_I.nii	265.575470	23.975646	14.891291	23.975646	33.965824	270.585727	23.895914	15.528184	25.038091	30.851509
ALVIN_mwc3218_J.nii	270.221261	23.506863	14.906461	24.215249	28.303847	273.096048	24.786982	15.859026	25.936315	30.298114
ALVIN_mwc3218_K.nii	264.098526	24.493272	15.579689	24.493272	34.542289	263.148766	24.859035	15.758345	25.397115	30.748977
ALVIN_mwc3219_A.nii	274.416509	26.092071	16.177443	26.744013	30.627472	274.594395	25.775644	18.087546	27.806325	31.167187
ALVIN_mwc3219_B.nii	264.462773	26.531205	16.154721	26.673151	38.681524	277.568328	26.479311	17.181673	27.729197	31.458966
ALVIN_mwc3219_C.nii	275.334150	25.785060	16.110705	26.686441	31.850551	277.699709	25.820869	17.565292	28.701442	31.863533
ALVIN_mwc3219_D.nii	277.736023	25.617395	16.357930	26.674225	30.851976	277.684440	26.317396	17.368710	28.149848	31.495408
ALVIN_mwc3219_E.nii	277.147284	26.155865	16.787273	27.033664	30.019992	275.557144	26.013177	17.287848	28.470182	30.892326
ALVIN_mwc3219_F.nii	274.709296	25.647419	16.669946	26.905490	29.917614	274.308669	25.541855	16.824745	27.835285	33.474768
ALVIN_mwc3219_G.nii	274.046204	26.760827	16.506883	26.760827	38.249850	274.310661	26.159509	17.405693	28.057347	31.551294
ALVIN_mwc3219_H.nii	274.311174	25.880952	16.392377	26.728873	31.971024	277.241540	26.283512	17.337002	28.108240	30.689062
ALVIN_mwc3219_I.nii	278.091064	25.546859	16.611221	26.602233	30.478047	274.984101	26.585949	18.578614	28.046548	32.331188
ALVIN_mwc3220_A.nii	280.491071	27.004286	18.570654	28.551187	32.877876	244.245702	29.592142	35.316429	26.101649	20.079070
ALVIN_mwc3220_B.nii	252.350008	28.755653	31.257229	27.019927	21.788639	256.869054	29.195201	32.393979	27.512026	18.672770
ALVIN_mwc3220_C.nii	282.756290	25.670985	29.487463	30.055152	18.293343	347.223775	29.123828	20.048409	29.162975	32.667904
ALVIN_mwc3220_D.nii	283.630862	25.580840	29.325259	29.818114	18.538403	279.014618	26.452931	29.141628	30.603301	18.303479
ALVIN_mwc3220_E.nii	279.682572	27.238783	18.257717	29.675732	32.106607	286.096903	29.534821	28.013886	33.158632	24.876273
ALVIN_mwc3220_F.nii	284.340594	25.832778	29.918357	30.003831	18.680203	257.456480	27.762279	29.637732	27.487847	19.308431
ALVIN_mwc3220_G.nii	284.596487	25.621643	29.468618	29.634142	18.515147	260.362462	28.166608	29.653978	27.368260	21.029244
ALVIN_mwc3220_H.nii	284.069918	26.024316	29.410393	29.635179	18.343077	319.026104	31.660650	19.133662	29.607548	48.414515
ALVIN_mwc3220_I.nii	259.548146	29.534038	29.063885	33.110384	24.945045	250.939491	27.399608	29.405494	26.516509	21.512388
ALVIN_mwc3221_A.nii	267.588717	21.909800	14.762549	22.015627	28.678408	270.670586	22.244051	15.599606	23.134148	27.474853
ALVIN_mwc3221_B.nii	272.746644	22.777510	14.631571	22.777510	34.175647	269.458799	22.690036	16.268470	23.676871	28.564701
ALVIN_mwc3221_C.nii	272.501168	21.986565	15.031879	22.409719	27.607159	273.084470	23.114957	14.693368	23.114957	32.865351
ALVIN_mwc3221_D.nii	268.800782	22.048101	14.802382	22.242418	26.955719	275.478621	23.802862	17.488614	22.915631	27.464318
ALVIN_mwc3221_E.nii	270.339375	22.379549	15.418375	22.379549	34.622071	329.253252	23.550121	17.792305	23.717575	27.224355
ALVIN_mwc3221_F.nii	267.300541	22.231040	14.944808	22.494267	28.666776	268.816817	22.578991	16.667198	23.054988	27.524577
ALVIN_mwc3221_G.nii	270.673450	21.748758	15.057339	22.148350	27.366977	276.003379	22.279265	15.146982	23.437318	28.319427
ALVIN_mwc3221_H.nii	275.126888	21.445662	14.756896	22.023288	28.370152	313.853868	22.616954	15.792900	23.806244	26.592515
ALVIN_mwc3221_I.nii	269.262739	21.800310	15.188243	22.152310	27.982463	273.557817	22.588539	15.999523	23.624242	27.718225
ALVIN_mwc3221_J.nii	270.296762	21.572135	14.828542	21.835530	26.879887	273.604222	22.800790	15.719248	23.471143	27.029568
ALVIN_mwc3221_K.nii	265.867535	21.648415	14.688721	22.373526	28.448080	270.945609	22.371671	15.504515	23.232973	27.065531
ALVIN_mwc3221_L.nii	268.284933	21.660059	15.058225	21.953868	27.582625	268.762282	23.077982	15.479208	23.504612	28.672510
ALVIN_mwc3222_A.nii	278.500725	25.620781	18.003285	27.112981	30.555257	275.428699	25.477493	18.724282	28.041148	33.246225
ALVIN_mwc3222_B.nii	282.537325	26.494926	17.714995	28.313733	31.334394	276.093026	25.970753	18.856594	28.338962	33.848969
ALVIN_mwc3222_C.nii	278.227751	26.600877	18.011575	28.813394	33.362872	275.479835	26.090506	18.810469	28.524003	32.660542
ALVIN_mwc3222_D.nii	281.717286	25.944068	17.877506	28.722030	32.434292	274.364960	25.892628	18.897004	28.958431	32.704805
ALVIN_mwc3222_E.nii	280.128102	25.731253	17.406970	27.699549	31.121632	284.818888	27.926223	19.203364	27.926223	37.169605
ALVIN_mwc3222_F.nii	276.883240	25.750310	17.646997	28.638181	29.976926	276.135026	25.827596	18.689168	28.739752	33.022570
ALVIN_mwc3222_G.nii	281.006336	26.410125	18.358773	28.724331	33.077508	276.476207	26.086401	18.917313	28.642087	33.997153
ALVIN_mwc3222_H.nii	281.510650	25.766137	17.846987	28.440568	31.320310	272.984555	25.473914	18.896988	28.733696	32.114009
ALVIN_mwc3222_I.nii	281.862256	25.746338	17.462955	28.518614	31.175324	276.115389	25.303536	18.582977	28.166213	31.993063
ALVIN_mwc3222_J.nii	279.607086	25.773242	17.639567	27.675434	31.309485	289.360996	28.429562	18.840115	27.360896	38.195236
ALVIN_mwc3222_K.nii	281.729161	25.502883	17.576491	28.433687	30.915617	273.301887	25.191636	18.405943	28.311361	31.928271
ALVIN_mwc3222_L.nii	281.135086	25.740164	17.800584	28.279185	31.567209	273.732466	25.892390	18.948120	28.576942	33.764595
ALVIN_mwc3223_A.nii	289.994072	28.054713	18.295850	27.868062	40.928069	256.362119	29.398085	33.044173	27.155303	24.029839
ALVIN_mwc3223_B.nii	284.393750	27.208113	18.082998	28.162956	33.365190	256.859569	29.618098	33.432336	26.999416	23.413792
ALVIN_mwc3223_C.nii	284.368243	26.808147	18.236827	28.145867	33.712295	263.912964	29.308188	31.899659	27.047632	23.802971
ALVIN_mwc3223_D.nii	278.136783	27.278416	29.738579	28.612286	19.075628	258.316746	29.558708	33.075887	26.954247	25.091973
ALVIN_mwc3223_E.nii	281.546831	26.933030	18.099985	27.371576	34.174205	256.713715	29.916175	33.145602	26.908410	24.073628
ALVIN_mwc3223_F.nii	285.194923	28.633399	18.203653	28.633399	41.837795	257.486636	29.391767	32.282667	27.093498	24.165332
ALVIN_mwc3223_G.nii	286.624207	26.793295	30.466491	28.440641	18.200904	259.105844	29.469766	32.390073	26.861894	23.973633
ALVIN_mwc3223_H.nii	260.929257	28.474238	30.626867	27.889585	21.397714	262.987933	29.798287	31.784042	26.689771	25.950174
ALVIN_mwc3223_I.nii	281.200109	26.860781	17.783408	28.575430	32.941973	259.364925	29.432758	34.653527	27.049673	24.862891
ALVIN_mwc3223_J.nii	273.336797	27.083412	17.738871	28.221002	43.543762	255.531000	29.086204	32.933071	26.698231	22.776386
ALVIN_mwc3223_K.nii	285.005594	27.026783	18.139452	27.384607	33.065432	260.318874	30.381084	31.902881	29.767666	27.293168
ALVIN_mwc3223_L.nii	289.038541	28.151290	18.338290	28.058103	40.189114	259.724742	29.730171	32.979781	26.702925	23.808801
ALVIN_mwc3224_A.nii	282.732311	25.921425	16.757341	27.616291	31.848881	359.833749	28.787305	19.340752	29.845312	33.925795
ALVIN_mwc3224_B.nii	272.612506	26.335394	16.345147	27.442840	31.561182	274.030109	26.515774	17.303171	27.781151	32.665841
ALVIN_mwc3224_C.nii	277.631414	26.266788	17.087828	27.381638	32.094474	286.006105	27.078136	17.585870	28.162625	38.629476
ALVIN_mwc3224_D.nii	278.873564	26.349605	17.135808	28.144243	32.441298	275.248360	27.134608	17.996154	27.644771	35.425942
ALVIN_mwc3224_E.nii	290.591387	26.404727	16.629212	27.277092	38.269858	274.303939	26.202651	17.524106	27.373361	31.482165
ALVIN_mwc3224_F.nii	274.498781	26.821280	16.474160	27.059619	37.123176	273.728552	26.373457	17.265708	27.729519	32.351392
ALVIN_mwc3224_G.nii	274.665077	26.444716	16.419986	27.148097	30.767970	283.490013	26.835544	17.313703	27.462197	39.736186
ALVIN_mwc3224_H.nii	276.070667	26.726302	16.812540	27.707181	32.218695	272.343299	26.678380	18.134476	27.336406	34.205921
ALVIN_mwc3224_I.nii	278.443993	26.196291	16.317868	27.485703	32.102570	274.130471	27.083013	17.769469	27.676795	35.505038
ALVIN_mwc3224_J.nii	277.883425	27.335011	16.687125	27.783218	40.861288	283.073395	26.408054	18.571107	27.292873	38.334811
ALVIN_mwc3224_K.nii	278.283610	26.521689	16.539568	27.338937	33.526965	287.857474	26.559677	17.747146	27.290904	38.038804
ALVIN_mwc3224_L.nii	278.299290	26.103809	17.116482	27.276119	31.333096	273.877327	26.413728	17.718782	27.528647	33.540666
ALVIN_mwc3225_A.nii	274.837696	23.906971	17.284902	24.701100	28.816231	262.648440	24.123934	17.455388	24.286579	29.673913
ALVIN_mwc3225_B.nii	272.958841	24.135691	17.383105	24.263004	29.286153	265.583897	24.121243	17.402179	24.643622	30.004754
ALVIN_mwc3225_C.nii	271.186909	24.123274	17.714998	24.459142	30.998773	267.623455	24.439627	17.418607	24.719818	30.454341
ALVIN_mwc3225_D.nii	273.462564	24.187710	17.261274	24.675653	30.812364	263.839021	23.961296	17.514456	24.305343	30.045101
ALVIN_mwc3225_E.nii	269.211549	24.018745	17.005421	24.722671	30.122417	262.867430	23.828593	18.103416	24.370053	29.990785
ALVIN_mwc3225_F.nii	270.470327	23.772239	17.229031	24.157156	28.981621	267.389261	24.013441	17.524688	24.353038	30.558273
ALVIN_mwc3225_G.nii	269.017590	24.178582	17.200688	24.894927	30.023943	268.770141	24.495096	16.899411	24.682421	30.676648
ALVIN_mwc3225_H.nii	271.357675	24.168531	17.344095	24.599506	29.914382	269.502831	23.722637	16.927429	24.165391	30.682484
ALVIN_mwc3225_I.nii	270.830808	23.846395	17.650868	24.349280	30.531071	269.786425	23.967536	17.040092	24.242746	31.438356
ALVIN_mwc3225_J.nii	272.482072	24.223132	17.067928	24.676026	31.085747	268.488931	24.340178	17.314433	24.575636	30.841747
ALVIN_mwc3226_A.nii	271.762295	26.210764	18.533271	27.443659	31.389708	276.601605	25.810795	18.273967	26.959443	30.307202
ALVIN_mwc3226_B.nii	268.189831	27.255959	18.673925	27.701926	32.656536	274.208161	25.106124	17.814126	26.855697	33.744642
ALVIN_mwc3226_C.nii	274.286527	26.192442	18.511579	28.672896	29.934888	275.841775	25.896334	17.276717	27.624176	31.252924
ALVIN_mwc3226_D.nii	279.723623	26.819894	18.469568	28.017465	32.306692	277.464214	26.683179	20.453188	27.464147	31.919283
ALVIN_mwc3226_E.nii	275.113900	26.702883	18.538645	27.515061	32.477603	272.871907	26.013048	18.618073	27.271448	31.475902
ALVIN_mwc3226_F.nii	271.792974	26.790093	18.887361	27.987858	32.192354	271.303914	25.790235	17.209204	27.168057	32.000040
ALVIN_mwc3226_G.nii	288.897761	27.882883	18.059383	27.882883	40.570812	271.849889	26.587844	17.755403	28.621427	30.437466
ALVIN_mwc3226_H.nii	281.633150	26.991995	29.862820	30.527591	18.552681	274.825921	26.536158	17.871543	28.067338	33.164507
ALVIN_mwc3226_I.nii	292.515755	29.427835	19.452654	28.543676	40.925774	275.309141	25.539103	17.537544	27.221528	30.955285
ALVIN_mwc3226_J.nii	283.648539	26.256184	30.172877	29.658901	18.878954	277.225477	25.884225	17.720359	27.527308	32.868698
ALVIN_mwc3227_A.nii	271.342579	23.355301	16.310171	24.205742	28.167863	259.644428	23.124249	17.356131	24.187646	27.014150
ALVIN_mwc3227_B.nii	271.637399	23.301735	16.642942	23.840245	27.501824	265.518695	22.993203	17.416000	23.453665	27.192614
ALVIN_mwc3227_C.nii	273.201632	23.066493	16.411040	24.098334	26.588560	265.737349	22.964000	16.619309	23.777993	28.000733
ALVIN_mwc3227_D.nii	279.711981	23.151031	16.711949	24.596594	26.655596	262.776731	23.117907	17.125401	24.314210	27.344712
ALVIN_mwc3227_E.nii	271.045740	23.602172	16.691811	24.714273	27.317716	263.026479	23.443229	17.356157	24.208653	27.650249
ALVIN_mwc3227_F.nii	268.672691	22.875524	17.101276	23.762203	26.900383	260.322600	22.832555	17.088753	24.011495	27.656674
ALVIN_mwc3227_G.nii	272.489635	23.035761	16.885316	23.915583	27.076738	259.143693	22.686110	17.707794	24.040647	27.529358
ALVIN_mwc3227_H.nii	273.883547	23.313811	16.826800	24.639355	26.956413	251.343095	23.130796	17.985482	24.151810	27.896417
ALVIN_mwc3227_I.nii	272.701974	22.783503	15.576137	24.352031	26.554224	262.337013	23.214142	17.769449	23.978283	27.032871
ALVIN_mwc3227_J.nii	274.186331	22.724620	16.367367	24.058201	26.863841	265.256307	22.739316	16.984443	23.674569	26.331211
ALVIN_mwc3228_A.nii	271.735021	25.211049	17.864814	25.945276	31.322846	253.140326	24.150907	18.116697	25.017587	32.805646
ALVIN_mwc3228_B.nii	275.038203	24.377854	17.363903	26.469777	34.065266	271.288731	24.344731	17.486450	25.004792	32.079390
ALVIN_mwc3228_C.nii	270.063752	24.346125	17.761878	25.685851	31.872143	258.597923	23.757929	18.711564	24.241075	30.965524
ALVIN_mwc3228_D.nii	273.242098	24.624673	17.360373	25.641208	33.092733	256.241576	24.135375	18.783421	25.061306	32.354684
ALVIN_mwc3228_E.nii	271.281252	24.839962	17.579322	25.726239	33.136788	270.243913	24.503910	18.728869	25.491199	30.605486
ALVIN_mwc3228_F.nii	277.626870	25.326202	18.559032	26.777417	32.054620	265.039451	24.675773	18.552361	25.988543	31.059310
ALVIN_mwc3228_G.nii	269.491388	24.325126	17.686127	25.455141	30.026261	271.234774	24.371217	19.201272	25.435524	32.534514
ALVIN_mwc3228_H.nii	269.492750	24.734328	16.321627	26.107401	31.169321	274.469871	23.811408	17.807211	25.004254	30.838431
ALVIN_mwc3230_A.nii	278.259463	25.275820	16.804712	26.307376	29.685656	275.875794	25.041893	17.482030	26.170359	30.968377
ALVIN_mwc3230_B.nii	287.179394	25.854226	16.484614	26.256661	36.137657	279.426607	26.156932	17.651072	25.913209	37.200567
ALVIN_mwc3230_C.nii	266.481298	25.697170	16.353596	26.034957	38.020978	272.912633	25.371549	17.501663	26.168826	29.516915
ALVIN_mwc3230_D.nii	300.498237	27.104826	16.711343	26.730127	36.956324	281.381313	26.113960	17.023111	26.571876	37.121807
ALVIN_mwc3230_E.nii	277.221664	25.149593	16.532943	25.774825	30.137851	274.395285	25.348963	18.610102	25.884751	30.835683
ALVIN_mwc3230_F.nii	277.836966	25.254767	16.332551	26.003625	30.333834	275.866491	25.357991	17.376236	26.048856	31.218039
ALVIN_mwc3230_G.nii	277.809771	25.485969	17.081731	25.891804	29.985036	269.156824	26.267923	17.813648	26.267923	37.453903
ALVIN_mwc3230_H.nii	276.296536	24.986713	16.423702	26.201187	30.563383	312.698655	27.283045	18.489532	26.978438	34.604582
ALVIN_mwc3230_I.nii	338.082235	28.138490	17.378387	27.375756	42.767298	282.052519	26.854677	18.222504	26.685315	43.298354
ALVIN_mwc3230_J.nii	277.746326	25.423746	16.693425	26.181234	30.398888	270.030771	25.064770	18.039770	26.093723	31.751907
ALVIN_mwc3230_K.nii	277.003385	25.270511	16.491667	25.992310	29.814908	276.832158	25.921617	17.132776	25.921617	36.013881
ALVIN_mwc3230_L.nii	277.063223	25.346976	16.623577	26.055429	30.488519	273.197916	25.740210	17.089743	26.199754	36.518871
ALVIN_mwc3231_A.nii	265.841702	22.970422	15.373428	23.275525	30.188123	261.897350	23.719213	17.556884	24.628109	31.199611
ALVIN_mwc3231_B.nii	260.583371	23.171943	16.579105	24.457617	30.885573	261.745054	24.174581	17.911869	24.736667	31.621400
ALVIN_mwc3231_C.nii	265.714382	23.107123	15.745192	23.893758	30.393669	268.587032	24.295654	15.951326	24.855171	30.124682
ALVIN_mwc3231_D.nii	265.047298	22.913344	15.799545	23.817541	30.510755	260.469322	24.500010	17.635308	25.163879	32.133283
ALVIN_mwc3231_E.nii	263.229839	23.283696	15.886116	23.794124	30.137780	261.665936	24.710239	16.910744	25.427139	30.126484
ALVIN_mwc3231_F.nii	265.923757	23.068446	15.732056	23.596665	30.697425	272.891581	24.201735	15.960367	24.745786	30.773242
ALVIN_mwc3231_G.nii	268.000183	23.050880	15.603520	24.276762	29.946160	262.268240	24.711707	17.389709	25.375734	30.979626
ALVIN_mwc3231_H.nii	263.565845	23.280296	15.443678	24.149477	29.899789	256.546324	24.322756	17.026371	25.445235	31.149754
ALVIN_mwc3231_I.nii	263.858623	22.998547	15.926734	23.961205	29.769382	287.239877	25.315869	16.202912	25.315869	34.610550
ALVIN_mwc3231_J.nii	266.276343	23.134062	16.144165	23.555757	30.264040	286.590784	25.348860	17.587190	25.190764	34.541859
ALVIN_mwc3231_K.nii	264.098616	23.047815	15.730125	24.224559	30.555290	279.126503	24.842173	17.421027	24.842173	34.954692
ALVIN_mwc3231_L.nii	263.202845	23.063627	16.189686	23.998307	29.986867	267.425700	24.413305	17.525078	24.793693	30.049167
ALVIN_mwc3232_A.nii	268.972474	24.594786	16.556823	25.881123	28.969734	270.826538	25.017109	17.128109	27.522626	28.893013
ALVIN_mwc3232_B.nii	265.627985	24.684622	17.262729	25.617554	29.436240	274.225558	25.296831	17.168348	26.939455	29.275720
ALVIN_mwc3232_C.nii	272.954781	24.647421	16.144101	25.350777	29.406227	274.396692	25.076017	16.775419	27.709457	29.500150
ALVIN_mwc3232_D.nii	265.133967	25.358024	16.766750	26.401306	29.102715	276.025514	25.131159	16.225997	26.552660	29.383636
ALVIN_mwc3232_E.nii	278.673641	24.365339	15.425676	26.405383	29.845069	271.453218	25.141865	17.639294	27.971016	29.532981
ALVIN_mwc3232_F.nii	275.630380	24.718614	16.314517	25.698184	29.435013	266.447290	25.131526	17.877672	26.429633	29.452365
ALVIN_mwc3232_G.nii	273.919274	24.841090	16.146875	25.789603	30.386228	276.779225	25.122194	16.702787	26.819516	29.877137
ALVIN_mwc3232_H.nii	281.206989	24.383364	16.031310	25.405179	28.765473	269.459097	25.040373	17.043637	26.605425	30.157848
ALVIN_mwc3232_I.nii	272.492552	24.794546	16.650098	26.243679	29.000221	270.487061	25.323646	16.904959	26.546498	31.587682
ALVIN_mwc3232_J.nii	269.029714	24.639711	16.633108	26.345357	29.284114	272.662321	25.235053	17.213329	27.077397	29.391032
ALVIN_mwc3233_A.nii	271.956461	24.220400	17.054056	24.802045	27.396611	272.625102	24.830101	16.882525	25.995915	29.382440
ALVIN_mwc3233_B.nii	272.839291	24.488758	16.819128	25.470858	28.591326	257.127012	25.107735	17.828238	25.832098	31.217953
ALVIN_mwc3233_C.nii	272.208909	24.670782	17.041102	25.519434	29.504132	260.462638	25.647169	18.481919	26.345408	30.324753
ALVIN_mwc3233_D.nii	271.566689	24.633066	17.184393	25.498114	32.116756	274.742873	24.574769	17.247310	26.054547	28.911715
ALVIN_mwc3233_E.nii	274.704355	24.207922	17.639438	24.604173	30.575446	268.172917	25.574029	17.371396	26.265114	29.144846
ALVIN_mwc3233_F.nii	270.136454	24.415741	17.348479	25.471586	28.831098	265.860741	24.764939	17.738879	26.295567	30.540398
ALVIN_mwc3233_G.nii	269.411983	24.696558	17.663706	25.255732	28.890985	265.525001	25.324326	17.744072	26.012267	30.268731
ALVIN_mwc3233_H.nii	271.075479	24.416053	17.087832	25.369899	29.559569	287.695125	26.358421	16.826489	26.337193	36.104361
ALVIN_mwc3233_I.nii	275.807344	24.821505	18.007707	25.281490	29.621350	270.414133	24.965365	17.380618	25.886993	29.158028
ALVIN_mwc3233_J.nii	271.037102	24.682102	17.635088	25.270619	28.852233	264.081414	25.079929	18.232489	26.358764	30.140690
ALVIN_mwc3233_K.nii	269.711539	24.656357	17.345341	25.571817	29.059487	274.028769	25.108505	17.143177	26.398771	28.232862
ALVIN_mwc3234_A.nii	269.429279	26.249151	18.094567	26.249151	37.530280	269.873259	24.820958	17.216274	26.460965	29.281326
ALVIN_mwc3234_B.nii	281.043831	25.083970	17.239832	26.152892	30.059031	272.913286	25.098024	17.329183	26.325674	29.154360
ALVIN_mwc3234_C.nii	281.065019	24.934596	18.429234	26.159098	30.295262	271.264694	24.922619	17.160850	26.542122	30.977319
ALVIN_mwc3234_D.nii	277.721711	25.150125	17.984583	25.996943	31.541915	271.319116	25.185262	16.844469	27.199074	29.077791
ALVIN_mwc3234_E.nii	281.593102	25.429619	17.693241	26.377663	30.045514	269.792796	25.163297	17.618472	26.752334	29.663687
ALVIN_mwc3234_F.nii	272.073303	25.454396	18.040816	26.481924	31.450025	272.196896	24.976759	16.890192	26.547976	30.678994
ALVIN_mwc3234_G.nii	282.472291	25.010999	17.391362	26.297784	31.103676	271.522576	24.824277	16.545356	26.937418	30.331960
ALVIN_mwc3234_H.nii	266.088079	25.201996	17.989442	26.276399	31.249533	269.850756	24.736785	17.678463	26.413397	29.050302
ALVIN_mwc3234_I.nii	288.501689	25.748325	18.051105	26.295060	32.675676	272.436544	25.086524	17.320464	26.410688	29.330386
ALVIN_mwc3234_J.nii	269.847887	25.361259	17.915202	26.417469	30.800164	265.852683	25.207269	19.017470	25.970521	30.380130
ALVIN_mwc3234_K.nii	281.300374	25.150912	17.435099	26.434261	30.239019	271.642904	24.702154	17.234762	26.081183	29.865737
ALVIN_mwc3235_A.nii	262.857320	22.803567	14.992204	23.039182	35.223991	261.531058	23.249637	15.607604	23.642725	33.202318
ALVIN_mwc3235_B.nii	275.491294	22.745272	14.519028	23.481872	27.279151	262.549442	22.252471	15.697716	23.260858	26.075621
ALVIN_mwc3235_C.nii	266.161457	21.853364	14.976682	21.991439	25.386188	265.554438	21.811911	14.830319	23.474659	26.190098
ALVIN_mwc3235_D.nii	265.565156	22.215910	15.418231	23.198169	26.385984	265.481369	22.433457	15.314566	23.858811	26.215605
ALVIN_mwc3235_E.nii	266.819614	22.465120	15.076241	22.401862	33.328439	255.948695	23.000375	16.599156	23.747385	26.904652
ALVIN_mwc3235_F.nii	264.999062	22.019137	15.006992	22.670453	25.622174	267.045935	21.879789	14.210786	23.220058	25.648386
ALVIN_mwc3235_G.nii	266.638150	22.330109	15.039194	22.809827	27.873158	265.012239	22.205094	15.254611	23.839757	26.775247
ALVIN_mwc3235_H.nii	267.762673	21.967443	14.754954	22.700018	25.584861	267.365669	22.194088	14.956308	23.460835	27.429192
ALVIN_mwc3235_I.nii	264.731158	22.470357	15.366749	23.018261	27.047994	268.342891	21.937840	13.735238	23.745020	25.866208
ALVIN_mwc3235_J.nii	264.966618	22.085184	15.103997	22.610580	25.999600	264.254641	22.094104	15.188850	23.174638	26.604353
ALVIN_mwc3235_K.nii	264.787070	22.298482	15.143734	22.591899	27.990052	262.510784	22.036700	14.881904	23.299075	28.110544
ALVIN_mwc3236_A.nii	274.309244	26.556710	15.908568	27.229580	32.622959	256.537920	28.549771	30.954611	28.247644	16.848060
ALVIN_mwc3236_B.nii	274.192632	27.466811	16.233061	27.466811	39.799497	255.614695	28.132744	29.544411	28.132744	16.220091
ALVIN_mwc3236_C.nii	277.637577	26.576787	16.711207	27.999526	32.332792	275.351498	26.347562	18.404427	29.106788	32.108427
ALVIN_mwc3236_D.nii	277.476372	26.342415	17.255626	27.525089	32.697921	277.912403	26.724104	18.347834	28.850149	32.303502
ALVIN_mwc3236_E.nii	272.508906	27.409092	16.905930	27.726097	40.271480	256.590643	28.218647	29.603536	28.099430	16.931630
ALVIN_mwc3236_F.nii	272.704965	27.375463	16.545598	27.503193	39.799497	258.632904	28.522519	29.711168	28.187961	17.029122
ALVIN_mwc3236_G.nii	277.570169	26.318365	16.144643	27.424879	31.951484	257.063730	27.902271	29.919201	27.995189	16.156645
ALVIN_mwc3236_H.nii	277.175792	25.951735	16.633842	27.193078	31.509308	274.825876	26.254961	16.990433	28.711020	32.704805
ALVIN_mwc3237_A.nii	280.664007	25.966256	18.056712	27.532566	32.392312	273.700073	28.055993	18.596411	28.297064	36.380786
ALVIN_mwc3237_B.nii	280.129449	26.984307	18.213844	26.984307	42.123218	278.275980	26.798878	18.898986	28.466206	32.706112
ALVIN_mwc3237_C.nii	280.471971	25.919217	18.063395	27.418479	31.825992	286.464831	27.307230	18.809923	28.782212	40.276954
ALVIN_mwc3237_D.nii	281.399177	27.374559	17.928557	27.374559	41.377840	278.131755	26.663850	18.596411	27.816747	31.674226
ALVIN_mwc3237_E.nii	292.051724	28.431403	18.001843	28.266464	40.366888	293.283754	27.353189	19.074676	28.143289	36.872175
ALVIN_mwc3237_F.nii	279.298417	26.042169	17.519866	27.158074	31.969733	288.681676	28.882414	19.519898	28.383962	35.802115
ALVIN_mwc3237_G.nii	279.784026	26.149290	18.237998	27.452721	32.670010	279.332476	26.560176	18.845682	27.743809	33.028992
ALVIN_mwc3237_H.nii	279.199499	25.956971	17.204766	27.349013	31.786941	345.221339	27.768217	19.617008	28.591568	30.239345
ALVIN_mwc3238_A.nii	272.057268	23.525268	16.034891	24.523162	27.276747	281.128871	24.955570	16.667470	24.804018	36.679466
ALVIN_mwc3238_B.nii	273.659922	23.388217	15.611294	24.027228	27.370412	284.431276	25.499072	15.872649	25.430010	36.043560
ALVIN_mwc3238_C.nii	270.923499	23.944163	15.442217	24.546749	29.843910	273.477915	23.368412	15.933481	24.042657	29.273734
ALVIN_mwc3238_D.nii	271.715971	23.962575	15.667945	24.703319	29.762234	280.065320	24.975214	15.608813	24.975214	35.326429
ALVIN_mwc3238_E.nii	272.722370	24.323655	15.396006	24.724497	29.983606	281.053774	25.380839	16.082391	25.087572	35.479208
ALVIN_mwc3238_F.nii	273.261317	23.782818	15.527662	24.608072	30.818235	275.376417	24.282248	16.662363	24.282248	35.327043
ALVIN_mwc3238_G.nii	271.636585	23.962606	15.773668	24.363469	29.069855	302.752321	25.335682	16.423958	24.583123	34.754186
ALVIN_mwc3238_H.nii	273.041134	23.293538	15.726522	24.774695	28.697126	277.771490	25.022461	16.256129	25.022461	35.327043
ALVIN_mwc3238_I.nii	271.653000	23.501872	14.969224	24.549229	30.360266	298.166728	25.228666	15.371100	24.826745	34.705209
ALVIN_mwc3238_J.nii	275.933702	23.843858	15.704668	24.447133	30.419045	281.272785	25.057451	16.277712	24.846244	36.228300
ALVIN_mwc3238_K.nii	272.405237	23.746442	15.617436	24.159288	30.168814	285.914174	24.922667	16.696457	24.908304	36.277973
ALVIN_mwc3239_A.nii	283.540876	26.771065	30.623876	30.369722	18.308781	265.470919	27.333797	18.837937	29.381859	32.066426
ALVIN_mwc3239_B.nii	283.640301	27.211140	32.573509	30.003115	18.650718	267.342314	27.335413	18.941425	29.455961	32.579987
ALVIN_mwc3239_C.nii	284.188077	26.818873	31.301102	30.563488	18.833055	278.352811	30.344262	29.469397	34.641546	25.904625
ALVIN_mwc3239_D.nii	283.881793	27.004488	31.846508	30.250616	19.147043	269.660257	27.793257	28.822250	27.917009	21.045674
ALVIN_mwc3239_E.nii	283.215616	26.733373	30.840386	30.532924	18.740249	258.272439	27.942665	29.415281	27.374801	20.835706
ALVIN_mwc3239_F.nii	286.595757	27.696154	30.307366	31.125866	19.130042	276.296011	26.958614	18.994705	28.883833	30.677045
ALVIN_mwc3239_G.nii	282.604152	26.961000	30.465704	30.748391	18.722464	265.191177	27.438990	18.963569	28.986316	34.270525
ALVIN_mwc3239_H.nii	284.901500	27.396524	31.491550	30.398342	18.960284	279.150672	27.660720	19.031991	29.239455	31.486704
ALVIN_mwc3239_I.nii	279.666563	26.857403	19.021371	28.255227	34.883366	250.577434	28.228327	29.914076	27.220626	22.160473
ALVIN_mwc3239_J.nii	283.485905	26.830738	30.244107	30.118517	18.365648	260.883238	29.085640	30.123563	27.137632	20.515689
ALVIN_mwc3239_K.nii	263.680584	30.572275	30.572275	33.098459	27.137034	294.286404	29.471634	19.078709	28.447349	40.983130
ALVIN_mwc3240_A.nii	277.143963	26.169614	17.534495	29.982443	30.053090	270.304934	26.518185	18.748817	28.830168	33.278181
ALVIN_mwc3240_B.nii	284.361878	26.107581	29.237809	29.700379	17.903773	271.851148	29.717897	29.794881	32.427662	26.124239
ALVIN_mwc3240_C.nii	260.747206	28.878011	29.065891	32.905398	21.859584	285.829172	28.530095	18.836577	27.624188	38.931649
ALVIN_mwc3240_D.nii	263.190455	29.707817	29.230219	32.106850	23.498645	294.022763	28.878318	18.818403	28.124537	38.418045
ALVIN_mwc3240_E.nii	257.461307	28.755700	28.313056	32.223007	25.781503	270.064585	25.947006	19.120900	29.364064	33.379372
ALVIN_mwc3240_F.nii	284.977762	26.247423	29.375277	29.410388	17.832669	269.432269	26.610001	18.986443	29.463701	32.973895
ALVIN_mwc3240_G.nii	258.783656	29.305215	28.816850	32.276075	22.413338	274.034742	26.291363	18.684630	28.599711	32.328083
ALVIN_mwc3241_A.nii	273.504081	24.008757	16.339519	25.565011	28.395985	271.428403	24.510047	16.623452	25.781552	29.247128
ALVIN_mwc3241_B.nii	273.967786	24.430425	16.547473	25.055571	28.674246	268.057711	24.608813	17.176474	25.634872	29.087448
ALVIN_mwc3241_C.nii	271.819420	24.613129	16.887771	25.408779	28.739293	269.516125	24.877721	16.939967	25.801764	28.138913
ALVIN_mwc3241_D.nii	274.917779	24.217445	16.079317	24.920204	29.190378	273.677150	24.368212	17.209730	25.369640	29.424464
ALVIN_mwc3241_E.nii	276.205921	24.084053	17.096980	24.943150	29.002541	269.932784	25.271729	18.037625	26.195623	29.092883
ALVIN_mwc3241_F.nii	275.213278	24.253358	16.572768	25.115768	29.883080	269.518185	24.678339	17.464492	25.890637	28.846138
ALVIN_mwc3241_G.nii	267.781971	24.150368	17.165085	24.624039	29.161766	270.304420	24.519874	17.062268	26.204910	28.174363
ALVIN_mwc3241_H.nii	273.130752	23.881718	16.722214	24.290578	29.506348	269.638932	24.433073	17.240301	25.713566	28.748723
ALVIN_mwc3241_I.nii	274.851353	24.198544	15.612839	25.395805	28.413309	270.222125	24.801678	17.290277	25.749088	29.995647
ALVIN_mwc3241_J.nii	272.790544	24.145206	17.044512	24.967690	28.182427	269.939203	24.695957	16.923455	25.720174	29.046463
ALVIN_mwc3241_K.nii	273.639586	24.167699	16.461525	25.042117	28.413438	268.637006	24.351977	17.288136	25.283413	28.985850
ALVIN_mwc3242_A.nii	278.253234	25.034142	17.992015	26.400716	30.989220	293.020128	26.531333	18.744966	27.016565	36.000285
ALVIN_mwc3242_B.nii	272.092230	25.362113	18.109664	26.473155	32.590727	273.004567	26.191448	18.723080	26.668127	31.229757
ALVIN_mwc3242_C.nii	280.123628	25.428484	28.996571	28.147846	18.380444	276.912043	26.159218	18.740092	28.003212	33.720059
ALVIN_mwc3242_D.nii	276.077150	25.631461	17.834334	26.667799	30.945835	273.277348	26.015265	18.616259	26.850819	33.738431
ALVIN_mwc3242_E.nii	276.963353	25.313560	17.983886	26.566200	33.235132	274.851443	26.579902	18.484058	28.035944	32.775369
ALVIN_mwc3242_F.nii	279.976492	25.036029	28.612482	27.518778	18.353146	276.780137	26.070696	18.731417	27.214548	34.071655
ALVIN_mwc3242_G.nii	279.165751	25.107975	28.439820	28.295783	18.218819	273.478075	26.385636	18.484058	27.704823	34.177505
ALVIN_mwc3242_H.nii	275.558690	25.275190	29.634529	28.863957	17.704489	313.854478	27.220837	19.607812	29.209348	31.835246
ALVIN_mwc3243_A.nii	273.182943	26.378432	16.752163	27.907888	33.476909	273.275000	26.023515	17.356111	27.413199	30.965783
ALVIN_mwc3243_B.nii	278.139985	26.342835	16.728898	27.502764	32.614568	252.710371	26.289807	29.328916	26.328486	16.812426
ALVIN_mwc3243_C.nii	278.700140	27.190234	16.808004	27.697180	39.682757	304.990035	28.123072	17.809010	27.842161	36.724613
ALVIN_mwc3243_D.nii	275.321249	26.372173	17.039193	27.920345	32.228440	256.764056	27.298390	28.828281	27.298390	16.313762
ALVIN_mwc3243_E.nii	281.638573	25.623005	29.488070	27.898194	17.391673	259.665142	27.121214	29.170944	27.434342	16.839804
ALVIN_mwc3243_F.nii	278.781465	25.237346	29.700529	27.622574	16.848066	263.716818	26.640653	29.694884	27.560914	16.565813
ALVIN_mwc3243_G.nii	274.547102	26.551459	16.867816	27.829008	32.762861	274.021959	25.854440	17.679294	27.355384	30.052602
ALVIN_mwc3243_H.nii	277.308424	27.129566	16.302795	27.417715	38.878550	266.780097	26.622406	27.687155	27.580634	16.823999
ALVIN_mwc3243_I.nii	278.640389	25.263316	28.617514	28.838738	16.497320	297.329724	28.347045	17.866716	28.347045	37.843821
ALVIN_mwc3243_J.nii	278.390211	25.452992	29.202229	28.624655	16.907513	255.741649	27.910327	27.823319	30.696616	20.406951
ALVIN_mwc3243_K.nii	277.572457	26.540721	16.817078	27.737404	32.150269	273.977985	25.644184	18.247137	27.643140	30.480712
ALVIN_mwc3244_A.nii	280.341992	24.271180	17.489665	25.831109	31.532982	276.802104	25.099738	18.024054	25.861885	31.900841
ALVIN_mwc3244_B.nii	282.076960	25.756096	17.389893	25.756096	40.008639	279.627224	26.286025	18.308326	26.160950	37.837771
ALVIN_mwc3244_C.nii	283.973585	24.565559	17.390909	26.116118	32.569183	273.930043	25.548243	18.094495	26.320364	32.128625
ALVIN_mwc3244_D.nii	280.584002	26.009090	17.602562	26.009090	40.069928	278.645529	25.611347	18.085430	26.509258	34.750147
ALVIN_mwc3244_E.nii	278.090854	25.662980	17.505306	25.662980	40.638304	277.275276	25.121755	17.858078	26.172541	33.203474
ALVIN_mwc3244_F.nii	281.876238	24.425495	17.112663	25.667644	31.741414	272.962890	25.398698	18.905929	26.692285	32.448897
ALVIN_mwc3244_G.nii	284.287195	25.994802	17.600277	25.994802	36.687446	277.530661	25.549147	17.923936	26.366543	31.506396
ALVIN_mwc3244_H.nii	284.947388	25.956088	17.673691	25.956088	39.823198	290.640104	25.871234	17.116519	26.400307	36.548959
ALVIN_mwc3244_I.nii	282.014598	24.449430	17.135213	25.465081	31.390133	276.058278	25.680013	17.840537	26.421877	31.432164
ALVIN_mwc3244_J.nii	276.039150	25.520958	16.940963	25.520958	39.282099	275.439172	25.528312	17.750927	26.481615	31.864813
ALVIN_mwc3244_K.nii	292.363980	26.540278	17.414377	26.485397	41.569219	273.094282	25.766244	18.599720	26.379040	32.617534
ALVIN_mwc3245_A.nii	270.554099	23.502177	16.359325	24.792591	28.319469	270.911049	24.572817	15.920076	25.264183	34.658653
ALVIN_mwc3245_B.nii	269.548576	22.956569	15.457212	24.742783	28.370650	274.184361	24.052685	16.240653	26.148964	27.450438
ALVIN_mwc3245_C.nii	268.475046	22.437606	15.056210	23.636567	26.910265	253.004493	25.131884	28.764779	23.838215	14.262044
ALVIN_mwc3245_D.nii	268.992893	22.822985	15.407043	23.749287	28.224371	293.187245	24.421504	17.467682	26.151629	33.780476
ALVIN_mwc3245_E.nii	269.737731	22.961034	15.601787	24.777156	28.125597	226.185738	27.599958	29.079427	23.837297	39.007805
ALVIN_mwc3245_F.nii	271.710650	22.498550	15.084177	24.240123	28.851268	288.113348	26.229221	15.973871	25.524037	35.238676
ALVIN_mwc3245_G.nii	270.456325	22.965080	15.910218	24.272188	28.185153	267.259939	24.009633	15.304009	25.534428	30.516382
ALVIN_mwc3245_H.nii	269.082312	22.645246	14.637662	24.084534	28.297950	267.291572	24.925208	15.922844	25.218608	33.536733
ALVIN_mwc3245_I.nii	266.571628	22.753118	15.905027	23.816702	28.963051	272.204351	24.619625	15.202957	25.457467	30.771610
ALVIN_mwc3245_J.nii	269.269935	22.805571	15.279153	24.392496	28.650504	290.021973	24.359842	15.775007	25.630780	32.026010
ALVIN_mwc3246_A.nii	274.058263	24.622264	16.525583	25.065798	37.994944	282.357160	25.020599	16.533287	26.029015	30.042561
ALVIN_mwc3246_B.nii	264.340678	26.049114	17.726600	26.213767	38.328687	276.578858	25.362030	17.090018	26.534562	31.503369
ALVIN_mwc3246_C.nii	269.543631	24.404350	17.073747	26.103505	30.722921	281.833041	25.176454	17.284346	26.439794	30.103375
ALVIN_mwc3246_D.nii	267.606672	24.325906	17.745767	25.972877	29.948746	274.022330	25.227220	17.844881	27.151814	30.468002
ALVIN_mwc3246_E.nii	277.172957	24.056294	16.320088	24.947554	29.586799	277.281142	25.705369	17.149839	26.159641	36.654758
ALVIN_mwc3246_F.nii	274.417349	23.491355	16.282565	24.456946	28.515721	275.977635	24.908855	16.729454	26.534517	31.107216
ALVIN_mwc3246_G.nii	274.697660	24.511701	16.858184	26.080090	28.899603	274.154748	25.372306	17.500893	26.543795	31.281601
ALVIN_mwc3246_H.nii	275.746798	24.187725	16.720984	25.685650	28.436738	281.588619	24.979460	17.250857	26.261480	28.933642
ALVIN_mwc3246_I.nii	272.735171	24.449696	16.825481	25.655133	30.383384	274.718714	25.310678	17.040229	26.467797	30.857595
ALVIN_mwc3246_J.nii	274.302676	23.815951	16.185101	25.383981	29.304241	274.042064	24.949023	16.206774	26.398898	31.260324
ALVIN_mwc3247_A.nii	273.271541	24.525401	14.677989	25.394761	28.703353	273.182883	23.779730	15.778399	25.517475	29.302909
ALVIN_mwc3247_B.nii	277.598504	25.339631	15.521487	26.262218	28.492904	272.816460	24.721208	19.423809	26.353370	29.303787
ALVIN_mwc3247_C.nii	274.768276	25.056753	15.157663	26.050462	29.055109	274.308781	24.830003	18.762571	25.874989	29.209984
ALVIN_mwc3247_D.nii	274.310531	25.286370	15.653280	25.944813	28.466332	271.960417	25.148727	17.701212	26.336187	29.333053
ALVIN_mwc3247_E.nii	278.149114	24.925228	16.090551	26.422912	29.514575	275.623126	24.855717	17.254811	25.419715	28.835562
ALVIN_mwc3247_F.nii	276.375714	25.175960	17.318081	26.160574	28.406053	273.953178	24.290530	15.964316	26.111447	29.961326
ALVIN_mwc3247_G.nii	280.825246	24.955225	16.816884	25.667024	29.235386	267.766579	24.251098	18.212008	26.058397	29.303869
ALVIN_mwc3247_H.nii	276.947410	24.697988	15.271150	25.859537	28.722103	270.106518	24.349784	16.422493	26.087350	28.718308
ALVIN_mwc3247_I.nii	278.276660	24.917128	15.234665	26.012757	28.841691	268.462010	24.635844	16.050537	26.040380	29.179621
ALVIN_mwc3247_J.nii	272.393708	24.939129	15.435306	25.850158	28.769757	270.639039	24.896829	17.763513	26.460320	29.917780
ALVIN_mwc3248_A.nii	272.798909	24.525090	14.903313	24.788876	28.887527	269.365475	24.794670	16.562056	24.906101	35.706012
ALVIN_mwc3248_B.nii	274.165276	24.305045	15.229975	24.929804	28.427919	269.386119	23.819489	16.260491	24.465265	29.321850
ALVIN_mwc3248_C.nii	272.080626	24.181586	15.741566	25.237075	27.785822	273.073592	23.833675	16.172478	24.482611	29.377148
ALVIN_mwc3248_D.nii	271.857793	24.083495	15.556609	24.758145	28.174230	267.297648	24.137117	16.262064	24.516378	29.441819
ALVIN_mwc3248_E.nii	267.550649	24.068076	15.563960	25.037902	29.386890	263.665566	24.083250	16.363421	24.874789	29.144310
ALVIN_mwc3248_F.nii	274.084570	24.012705	15.711271	25.719270	28.616111	270.537088	23.776108	16.727925	24.668095	27.194344
ALVIN_mwc3248_G.nii	273.221869	24.006138	15.830970	25.044148	28.259061	254.949503	24.119478	17.406832	24.366273	30.486938
ALVIN_mwc3248_H.nii	271.218848	24.248165	15.605121	25.327071	28.611482	265.879934	23.724001	15.977847	24.319243	30.011026
ALVIN_mwc3248_I.nii	273.291241	24.220556	15.263688	25.250761	28.536817	273.020293	24.188895	16.625877	24.522655	29.189560
ALVIN_mwc3248_J.nii	270.293504	24.172272	15.567283	24.786856	27.646311	270.984593	24.107305	16.880991	24.413728	29.459302
ALVIN_mwc3249_A.nii	265.362928	22.293886	15.497752	22.293886	35.737626	273.158225	23.868362	15.235600	24.348195	26.662708
ALVIN_mwc3249_B.nii	276.842484	22.505638	14.737910	22.751959	28.180994	271.712269	23.257128	16.648893	24.116431	26.582343
ALVIN_mwc3249_C.nii	277.475514	22.680789	14.805673	23.435743	28.106414	276.895598	23.743704	14.753197	24.618838	27.055851
ALVIN_mwc3249_D.nii	271.320965	22.433196	15.149274	22.507301	28.346778	273.125837	23.411597	14.635468	24.083352	28.951200
ALVIN_mwc3249_E.nii	276.707731	22.751400	14.794857	22.751400	28.454368	275.167483	23.608981	14.983498	24.561328	27.512349
ALVIN_mwc3249_F.nii	274.547261	22.779014	14.864231	23.023435	27.515800	273.355327	23.704155	14.485543	24.271153	27.177760
ALVIN_mwc3249_G.nii	269.479142	23.109170	15.637067	23.109170	34.946314	278.952020	23.388471	14.961797	24.172849	27.615655
ALVIN_mwc3249_H.nii	277.673015	22.776910	15.023903	22.898487	29.068792	268.580135	23.261643	14.338723	24.513023	27.601321
ALVIN_mwc3249_I.nii	277.117987	22.461226	16.005520	22.628109	27.568154	276.463012	23.359023	14.436974	24.125647	26.672759
ALVIN_mwc3249_J.nii	277.618565	22.266022	14.652836	22.327267	28.940673	279.777749	23.283437	14.417031	24.156151	27.782130
ALVIN_mwc3250_A.nii	266.858310	25.041554	17.159175	26.196040	37.676777	273.893141	24.414755	17.468407	26.657317	29.186875
ALVIN_mwc3250_B.nii	275.363911	24.500138	16.647652	25.180671	29.298619	288.077794	27.111414	17.137150	26.630861	35.769018
ALVIN_mwc3250_C.nii	281.389239	25.579900	17.389833	25.455573	38.529483	239.554264	26.244028	28.544932	25.296525	22.703419
ALVIN_mwc3250_D.nii	282.661512	24.792954	16.997889	24.913622	39.442003	272.116172	24.280280	16.880017	26.071079	29.419967
ALVIN_mwc3250_E.nii	270.073261	24.340680	17.751609	24.935179	32.531609	270.247471	24.207817	16.620734	26.411618	30.002179
ALVIN_mwc3250_F.nii	279.519856	24.267658	16.030742	25.426082	28.810189	266.414104	24.839028	17.543842	26.074990	29.787302
ALVIN_mwc3250_G.nii	287.736498	25.450553	17.027018	25.172290	37.651813	240.417179	27.731250	28.118813	27.128189	27.671254
ALVIN_mwc3251_A.nii	293.617152	29.534856	18.504705	29.207931	41.288694	280.041757	27.575626	18.791026	29.609198	34.413891
ALVIN_mwc3251_B.nii	275.096765	26.965448	19.108374	29.217194	35.171593	282.742037	27.872276	18.895005	29.979879	34.738625
ALVIN_mwc3251_C.nii	280.568751	27.668370	18.420488	28.522936	35.200017	279.775983	29.909969	18.854400	28.975218	42.668832
ALVIN_mwc3251_D.nii	220.196399	26.193342	16.879281	28.022530	31.589960	278.944976	27.841933	18.635680	29.266569	35.495649
ALVIN_mwc3251_E.nii	284.603695	27.199182	17.793835	29.217783	38.682591	278.211477	27.490432	18.249465	29.285143	34.863683
ALVIN_mwc3251_F.nii	281.609536	27.042292	18.370623	28.923544	34.044879	217.988795	26.905432	17.789098	29.755206	30.040898
ALVIN_mwc3252_A.nii	281.998421	30.301776	34.435870	32.983429	18.924354	285.068509	33.708191	35.777360	35.163941	27.239603
ALVIN_mwc3252_B.nii	288.337640	27.794089	30.026573	31.874054	18.273540	291.222469	30.742453	28.727270	34.608238	27.267709
ALVIN_mwc3252_C.nii	283.762621	27.962121	30.166699	33.039791	18.816694	268.557484	29.203117	31.177272	29.203117	20.679553
ALVIN_mwc3252_D.nii	284.146092	27.890802	30.180077	32.424952	18.884742	277.147556	30.205567	32.018393	30.353911	21.438375
ALVIN_mwc3252_E.nii	285.703445	27.387043	29.755031	31.409776	18.382918	288.175832	26.892715	30.317373	30.914349	19.755043
ALVIN_mwc3252_F.nii	285.677239	27.295270	29.390468	30.767732	18.858219	250.257410	29.672437	31.358635	28.177060	29.367255
ALVIN_mwc3252_G.nii	285.506902	27.715148	30.749258	32.167773	18.580435	277.609993	29.848179	31.343318	29.928625	21.641913
ALVIN_mwc3252_H.nii	280.268632	30.435351	18.847031	33.122210	35.223704	283.247842	31.657764	19.319714	33.549276	36.924741
ALVIN_mwc3252_I.nii	286.910395	27.851263	30.147821	31.588478	18.598706	256.821277	29.257314	30.853734	28.297732	27.734975
ALVIN_mwc3252_J.nii	285.358109	27.263582	29.296109	31.693098	18.835890	268.597021	29.350491	30.410008	29.185364	21.833355
ALVIN_mwc3252_K.nii	285.547101	27.891170	29.824366	31.965154	18.471771	266.403061	29.015948	31.591097	28.534818	20.756713
ALVIN_mwc3253_A.nii	288.080221	25.974140	17.661211	25.345890	45.064846	286.135645	26.454736	17.083587	26.454736	37.347523
ALVIN_mwc3253_B.nii	291.492515	29.026614	18.708336	29.886109	36.713933	345.991665	30.669238	23.946671	32.784149	43.339191
ALVIN_mwc3253_C.nii	287.632341	24.977178	17.320925	25.314325	32.693611	271.812987	25.102655	16.919162	27.077590	30.935070
ALVIN_mwc3253_D.nii	271.868287	24.429955	17.622295	25.366047	30.846685	274.391456	24.793325	16.739697	26.381415	30.991870
ALVIN_mwc3253_E.nii	275.865768	24.456174	17.684880	25.744828	30.622500	273.846604	25.299145	16.568477	26.194136	32.681906
ALVIN_mwc3253_F.nii	277.995384	24.406225	17.906995	25.958220	32.642142	271.776285	25.587136	17.336442	26.877716	31.408898
ALVIN_mwc3253_G.nii	273.307242	24.050417	17.684203	25.677411	30.814734	288.996716	25.813454	17.475636	26.392765	37.903711
ALVIN_mwc3253_H.nii	274.249210	24.150787	17.844251	26.388663	31.454982	273.900369	25.016425	17.192630	26.118634	31.742953
ALVIN_mwc3253_I.nii	280.248289	25.982302	17.724158	25.866371	36.459211	274.651863	24.786762	17.306515	26.260741	30.117408
ALVIN_mwc3253_J.nii	286.766948	26.107507	17.571037	26.106360	41.173710	278.124192	25.053173	17.554375	26.664620	30.761564
ALVIN_mwc3254_A.nii	279.455670	25.406645	27.448511	29.925352	17.196763	274.746958	24.913855	16.988374	26.680324	29.164056
ALVIN_mwc3254_B.nii	278.351052	25.721021	27.330462	29.241235	17.388326	270.104636	24.602368	16.972783	26.635650	29.455080
ALVIN_mwc3254_C.nii	272.257272	25.939421	28.063443	29.295716	17.939438	269.772688	24.971755	16.415335	27.131047	29.625237
ALVIN_mwc3254_D.nii	276.754941	25.532719	27.772388	28.381316	17.904308	271.987580	24.930879	17.756421	26.905671	30.165721
ALVIN_mwc3254_E.nii	276.229126	25.791683	27.661688	29.322301	17.546022	269.119113	24.632250	17.042280	27.666451	28.434912
ALVIN_mwc3254_F.nii	275.484094	25.344320	27.577362	28.346194	17.400520	253.291426	25.761906	28.245410	25.500250	14.978994
ALVIN_mwc3254_G.nii	282.608406	26.090186	27.686392	30.791783	17.424154	244.709463	26.629041	27.863522	26.051614	22.752432
ALVIN_mwc3254_H.nii	274.734469	25.384588	27.700511	27.598492	18.258104	270.617052	24.771213	16.943709	27.150852	28.867316
ALVIN_mwc3254_I.nii	251.525137	27.558819	27.303373	30.549171	24.308211	340.820190	26.136935	18.880524	27.042822	30.417238
ALVIN_mwc3254_J.nii	271.276233	25.556063	27.506660	28.515974	17.352640	273.230924	24.974804	19.312044	26.929145	29.873394
ALVIN_mwc3254_K.nii	274.619598	25.949441	28.373894	29.311439	17.821668	272.554590	25.056890	17.007523	27.345867	31.377290
ALVIN_mwc3255_A.nii	284.932491	25.633236	29.351474	29.626071	18.033618	253.824249	26.971750	29.035365	27.213632	17.418499
ALVIN_mwc3255_B.nii	284.007144	26.080800	30.895509	30.261508	18.061450	254.507106	27.455336	28.373745	27.437797	15.943339
ALVIN_mwc3255_C.nii	281.089016	26.289052	29.344038	31.012396	18.371120	263.822703	29.592726	29.592726	32.432039	21.769352
ALVIN_mwc3255_D.nii	281.549973	26.028291	29.332021	29.865636	18.008840	259.995416	28.064015	29.309392	28.844363	20.892367
ALVIN_mwc3255_E.nii	284.385496	25.808991	30.905282	30.040692	18.499466	259.112663	27.682350	28.557459	28.006309	17.485675
ALVIN_mwc3255_F.nii	253.634168	28.461908	30.279155	27.606477	20.977883	258.792557	28.229209	29.224724	28.480488	17.815708
ALVIN_mwc3255_G.nii	285.183192	25.811317	30.580329	29.613335	17.895758	258.864804	27.273958	28.712684	27.004974	17.540898
ALVIN_mwc3255_H.nii	257.100568	27.978779	29.493867	26.224176	23.039563	258.066726	26.572180	27.311686	26.648818	18.469826
ALVIN_mwc3255_I.nii	284.993752	25.802390	29.405314	30.099245	18.442511	264.839145	27.682533	28.038536	28.516076	18.319253
ALVIN_mwc3255_J.nii	282.214708	26.057190	30.102317	30.220419	18.020305	257.655906	27.662516	28.898039	28.343495	17.957265
ALVIN_mwc3255_K.nii	283.424921	25.807544	29.836572	28.829350	18.005407	262.660157	28.659339	28.344509	33.158588	21.357481
ALVIN_mwc3256_A.nii	280.206029	25.441575	17.853368	26.882265	30.030514	276.721033	25.134487	18.169542	28.779532	30.395521
ALVIN_mwc3256_B.nii	267.792063	26.539638	18.242801	27.973384	36.496316	249.392279	29.226594	31.505643	27.388459	17.189364
ALVIN_mwc3256_C.nii	278.189085	25.238653	18.105113	27.101418	30.512879	262.610907	30.033937	33.056488	27.142861	18.972346
ALVIN_mwc3256_D.nii	271.347518	26.028362	17.967896	28.458862	40.088434	279.884119	25.710372	18.039390	28.994697	31.446451
ALVIN_mwc3257_A.nii	277.501343	26.818959	17.266922	26.980728	39.909650	276.436534	25.808400	17.586983	28.276544	30.822393
ALVIN_mwc3257_B.nii	278.055218	27.135152	17.427601	27.514650	39.760336	276.850173	26.107329	17.559808	28.383546	32.298595
ALVIN_mwc3257_C.nii	276.055515	25.750858	17.514627	27.230451	30.334491	255.550536	27.179803	29.772557	27.569026	15.707130
ALVIN_mwc3257_D.nii	281.807881	27.260985	17.572958	27.300387	38.697769	275.215878	25.825590	18.299443	27.730129	31.334912
ALVIN_mwc3257_E.nii	276.331394	26.492436	17.704997	27.055078	39.799497	275.355678	26.289769	17.802826	27.959405	31.084079
ALVIN_mwc3257_F.nii	271.822074	26.945140	17.587424	28.159087	40.488186	276.188151	26.322844	17.686032	28.226638	31.548591
ALVIN_mwc3257_G.nii	275.772916	26.313232	17.424202	28.160340	32.214977	274.816037	26.568317	17.518664	28.370777	31.439977
ALVIN_mwc3257_H.nii	277.248551	27.290779	17.964141	27.871855	39.432565	274.646344	26.223053	17.904248	28.093103	30.744623
ALVIN_mwc3257_I.nii	282.788107	26.583317	18.240072	28.128908	31.924762	256.559589	28.152978	30.160617	28.253921	16.668160
ALVIN_mwc3257_J.nii	276.278591	26.199486	18.045464	27.865962	32.766297	274.341829	26.505528	17.829534	28.562480	31.840669
ALVIN_mwc3257_K.nii	284.035090	26.905080	18.191226	28.853173	32.537347	253.633377	28.064203	30.145876	28.064203	15.669458
ALVIN_mwc3257_L.nii	276.329542	27.115517	17.726236	27.430788	39.724161	270.232064	25.631868	18.986170	28.590268	31.258802
