#TEST RESULTS: whole
#Atrophy type can be 2, 3 and 4.
#2 denotes IHA, 3 denotes HCA, and 4 denotes total atrophy.
#Slice number	AtrophyType	Atrophy Score
#
#SN	AT	AS
#
100	2	NaN	
100	2	NaN	
100	2	NaN	
100	2	NaN	
100	2	NaN	
100	2	NaN	
100	2	NaN	
100	2	NaN	
100	2	NaN	
100	2	NaN	
100	2	NaN	
100	2	NaN	
100	2	NaN	
100	2	NaN	
100	2	NaN	
100	2	NaN	
100	2	NaN	
100	2	NaN	
100	2	NaN	
100	2	NaN	
100	2	NaN	
100	2	NaN	
100	2	NaN	
100	2	NaN	
100	2	NaN	
100	2	NaN	
100	2	NaN	
100	2	NaN	
100	2	NaN	
100	3	0.0221855593	
100	3	0.1397104931	
100	3	0.0817199961	
100	3	0.0378872834	
100	3	0.1001146165	
100	3	0.1157227338	
100	3	0.0216061861	
100	3	0.0146659521	
100	3	0.0231537066	
100	3	0.1473419972	
100	3	0.0926230037	
100	3	0.1107070004	
100	3	0.0443398140	
100	3	0.0555500175	
100	3	0.0340462097	
100	3	0.0729736340	
100	3	0.0989534818	
100	3	0.0967506041	
100	3	0.0849538489	
100	3	0.3028052564	
100	3	0.1268499840	
100	3	0.0994684731	
100	3	0.0530486970	
100	3	0.1027016274	
100	3	0.1226397056	
100	3	0.0248490464	
100	3	0.1151950689	
100	3	0.1348445238	
100	3	0.0728973611	
100	4	NaN	
100	4	NaN	
100	4	NaN	
100	4	NaN	
100	4	NaN	
100	4	NaN	
100	4	NaN	
100	4	NaN	
100	4	NaN	
100	4	NaN	
100	4	NaN	
100	4	NaN	
100	4	NaN	
100	4	NaN	
100	4	NaN	
100	4	NaN	
100	4	NaN	
100	4	NaN	
100	4	NaN	
100	4	NaN	
100	4	NaN	
100	4	NaN	
100	4	NaN	
100	4	NaN	
100	4	NaN	
100	4	NaN	
100	4	NaN	
100	4	NaN	
100	4	NaN	
101	2	NaN	
101	2	NaN	
101	2	NaN	
101	2	NaN	
101	2	NaN	
101	2	NaN	
101	2	NaN	
101	2	NaN	
101	2	NaN	
101	2	NaN	
101	2	NaN	
101	2	NaN	
101	2	NaN	
101	2	NaN	
101	2	NaN	
101	2	NaN	
101	2	NaN	
101	2	NaN	
101	2	NaN	
101	2	NaN	
101	2	NaN	
101	2	NaN	
101	2	NaN	
101	2	NaN	
101	2	NaN	
101	2	NaN	
101	2	NaN	
101	2	NaN	
101	2	NaN	
101	3	0.0239647506	
101	3	0.1091476637	
101	3	0.0788430941	
101	3	0.0365314863	
101	3	0.0881941306	
101	3	0.1205690729	
101	3	0.0214657066	
101	3	0.0148556872	
101	3	0.0208560864	
101	3	0.1598267979	
101	3	0.0833852614	
101	3	0.1072883445	
101	3	0.0439337377	
101	3	0.0576992346	
101	3	0.0342223448	
101	3	0.0735132340	
101	3	0.0893117479	
101	3	0.1060116169	
101	3	0.0925835233	
101	3	0.2926082045	
101	3	0.1216098885	
101	3	0.1061896288	
101	3	0.0567314118	
101	3	0.1221694353	
101	3	0.1001136112	
101	3	0.0241121053	
101	3	0.1083699450	
101	3	0.1503625766	
101	3	0.0724600271	
101	4	NaN	
101	4	NaN	
101	4	NaN	
101	4	NaN	
101	4	NaN	
101	4	NaN	
101	4	NaN	
101	4	NaN	
101	4	NaN	
101	4	NaN	
101	4	NaN	
101	4	NaN	
101	4	NaN	
101	4	NaN	
101	4	NaN	
101	4	NaN	
101	4	NaN	
101	4	NaN	
101	4	NaN	
101	4	NaN	
101	4	NaN	
101	4	NaN	
101	4	NaN	
101	4	NaN	
101	4	NaN	
101	4	NaN	
101	4	NaN	
101	4	NaN	
101	4	NaN	
102	2	NaN	
102	2	NaN	
102	2	NaN	
102	2	NaN	
102	2	NaN	
102	2	NaN	
102	2	NaN	
102	2	NaN	
102	2	NaN	
102	2	NaN	
102	2	NaN	
102	2	NaN	
102	2	NaN	
102	2	NaN	
102	2	NaN	
102	2	NaN	
102	2	0.1809876797	
102	2	NaN	
102	2	NaN	
102	2	NaN	
102	2	NaN	
102	2	NaN	
102	2	NaN	
102	2	NaN	
102	2	NaN	
102	2	NaN	
102	2	NaN	
102	2	NaN	
102	2	NaN	
102	3	0.0222482196	
102	3	0.1043012852	
102	3	0.0800699334	
102	3	0.0356761722	
102	3	0.0784989086	
102	3	0.1244572753	
102	3	0.0215042348	
102	3	0.0152360402	
102	3	0.0200997654	
102	3	0.1612546083	
102	3	0.0864075692	
102	3	0.1025199084	
102	3	0.0476798160	
102	3	0.0600494602	
102	3	0.0355648551	
102	3	0.0751421511	
102	3	0.1016154736	
102	3	0.1137875016	
102	3	0.0795640108	
102	3	0.2542308878	
102	3	0.0966995381	
102	3	0.1044830011	
102	3	0.0596318152	
102	3	0.1032004167	
102	3	0.0589381239	
102	3	0.0236450257	
102	3	0.1150659682	
102	3	0.1516027249	
102	3	0.0753838919	
102	4	NaN	
102	4	NaN	
102	4	NaN	
102	4	NaN	
102	4	NaN	
102	4	NaN	
102	4	NaN	
102	4	NaN	
102	4	NaN	
102	4	NaN	
102	4	NaN	
102	4	NaN	
102	4	NaN	
102	4	NaN	
102	4	NaN	
102	4	NaN	
102	4	0.2826031533	
102	4	NaN	
102	4	NaN	
102	4	NaN	
102	4	NaN	
102	4	NaN	
102	4	NaN	
102	4	NaN	
102	4	NaN	
102	4	NaN	
102	4	NaN	
102	4	NaN	
102	4	NaN	
103	2	NaN	
103	2	NaN	
103	2	NaN	
103	2	NaN	
103	2	NaN	
103	2	NaN	
103	2	NaN	
103	2	NaN	
103	2	NaN	
103	2	NaN	
103	2	NaN	
103	2	NaN	
103	2	NaN	
103	2	NaN	
103	2	NaN	
103	2	NaN	
103	2	0.1894667479	
103	2	NaN	
103	2	NaN	
103	2	NaN	
103	2	NaN	
103	2	NaN	
103	2	NaN	
103	2	NaN	
103	2	NaN	
103	2	0.0176270096	
103	2	NaN	
103	2	NaN	
103	2	NaN	
103	3	0.0223276936	
103	3	0.1132256001	
103	3	0.0837370002	
103	3	0.0406719395	
103	3	0.0625853022	
103	3	0.1100182514	
103	3	0.0198607001	
103	3	0.0149962452	
103	3	0.0200409035	
103	3	0.1432128803	
103	3	0.0764840254	
103	3	0.0950212661	
103	3	0.0467103866	
103	3	0.0588582528	
103	3	0.0368443344	
103	3	0.0769259846	
103	3	0.0894533430	
103	3	0.1111222053	
103	3	0.0787629090	
103	3	0.3201869729	
103	3	0.1033549031	
103	3	0.1012600105	
103	3	0.0621008136	
103	3	0.0914293946	
103	3	0.0574346377	
103	3	0.0230882375	
103	3	0.1181776167	
103	3	0.1620147688	
103	3	0.0754722055	
103	4	NaN	
103	4	NaN	
103	4	NaN	
103	4	NaN	
103	4	NaN	
103	4	NaN	
103	4	NaN	
103	4	NaN	
103	4	NaN	
103	4	NaN	
103	4	NaN	
103	4	NaN	
103	4	NaN	
103	4	NaN	
103	4	NaN	
103	4	NaN	
103	4	0.2789200909	
103	4	NaN	
103	4	NaN	
103	4	NaN	
103	4	NaN	
103	4	NaN	
103	4	NaN	
103	4	NaN	
103	4	NaN	
103	4	0.0407152471	
103	4	NaN	
103	4	NaN	
103	4	NaN	
104	2	NaN	
104	2	NaN	
104	2	NaN	
104	2	NaN	
104	2	NaN	
104	2	NaN	
104	2	NaN	
104	2	NaN	
104	2	NaN	
104	2	NaN	
104	2	NaN	
104	2	NaN	
104	2	NaN	
104	2	NaN	
104	2	NaN	
104	2	NaN	
104	2	0.1877820259	
104	2	NaN	
104	2	NaN	
104	2	NaN	
104	2	NaN	
104	2	NaN	
104	2	NaN	
104	2	NaN	
104	2	NaN	
104	2	NaN	
104	2	NaN	
104	2	NaN	
104	2	NaN	
104	3	0.0214560337	
104	3	0.0633207613	
104	3	0.0832593754	
104	3	0.0433459992	
104	3	0.0664259485	
104	3	0.1219866823	
104	3	0.0199404953	
104	3	0.0153970094	
104	3	0.0205737649	
104	3	0.1575672465	
104	3	0.0744288094	
104	3	0.1069941148	
104	3	0.0488238220	
104	3	0.0567757320	
104	3	0.0348024445	
104	3	0.0750733431	
104	3	0.0919436079	
104	3	0.1044680967	
104	3	0.0786477513	
104	3	0.2635645164	
104	3	0.1034536494	
104	3	0.1125166026	
104	3	0.0684069550	
104	3	0.0845238313	
104	3	0.0750497873	
104	3	0.0213179265	
104	3	0.1213619468	
104	3	0.0563960539	
104	3	0.0830612145	
104	4	NaN	
104	4	NaN	
104	4	NaN	
104	4	NaN	
104	4	NaN	
104	4	NaN	
104	4	NaN	
104	4	NaN	
104	4	NaN	
104	4	NaN	
104	4	NaN	
104	4	NaN	
104	4	NaN	
104	4	NaN	
104	4	NaN	
104	4	NaN	
104	4	0.2797256338	
104	4	NaN	
104	4	NaN	
104	4	NaN	
104	4	NaN	
104	4	NaN	
104	4	NaN	
104	4	NaN	
104	4	NaN	
104	4	NaN	
104	4	NaN	
104	4	NaN	
104	4	NaN	
105	2	NaN	
105	2	NaN	
105	2	NaN	
105	2	NaN	
105	2	NaN	
105	2	NaN	
105	2	NaN	
105	2	NaN	
105	2	NaN	
105	2	NaN	
105	2	NaN	
105	2	NaN	
105	2	NaN	
105	2	NaN	
105	2	NaN	
105	2	NaN	
105	2	NaN	
105	2	NaN	
105	2	NaN	
105	2	NaN	
105	2	0.0816927786	
105	2	NaN	
105	2	NaN	
105	2	NaN	
105	2	NaN	
105	2	NaN	
105	2	NaN	
105	2	NaN	
105	2	NaN	
105	3	0.0191202404	
105	3	0.0822847274	
105	3	0.0766342949	
105	3	0.0387085419	
105	3	0.0679509409	
105	3	0.1005753097	
105	3	0.0201020474	
105	3	0.0155230030	
105	3	0.0223386989	
105	3	0.1674357215	
105	3	0.0844846122	
105	3	0.0793957564	
105	3	0.0458329711	
105	3	0.0616563649	
105	3	0.0307993828	
105	3	0.0923507481	
105	3	0.0833056289	
105	3	0.1108864168	
105	3	0.0736661746	
105	3	0.2546495578	
105	3	0.0982280417	
105	3	0.1140194758	
105	3	0.0596165306	
105	3	0.0896153263	
105	3	0.0784957812	
105	3	0.0207180592	
105	3	0.1233233540	
105	3	0.0579423879	
105	3	0.0821924280	
105	4	NaN	
105	4	NaN	
105	4	NaN	
105	4	NaN	
105	4	NaN	
105	4	NaN	
105	4	NaN	
105	4	NaN	
105	4	NaN	
105	4	NaN	
105	4	NaN	
105	4	NaN	
105	4	NaN	
105	4	NaN	
105	4	NaN	
105	4	NaN	
105	4	NaN	
105	4	NaN	
105	4	NaN	
105	4	NaN	
105	4	0.1799208203	
105	4	NaN	
105	4	NaN	
105	4	NaN	
105	4	NaN	
105	4	NaN	
105	4	NaN	
105	4	NaN	
105	4	NaN	
106	2	NaN	
106	2	0.0874195640	
106	2	NaN	
106	2	NaN	
106	2	NaN	
106	2	NaN	
106	2	NaN	
106	2	NaN	
106	2	NaN	
106	2	NaN	
106	2	NaN	
106	2	NaN	
106	2	NaN	
106	2	NaN	
106	2	NaN	
106	2	NaN	
106	2	NaN	
106	2	NaN	
106	2	NaN	
106	2	NaN	
106	2	0.0861131613	
106	2	NaN	
106	2	NaN	
106	2	0.0861039899	
106	2	NaN	
106	2	NaN	
106	2	NaN	
106	2	NaN	
106	2	NaN	
106	3	0.0173810132	
106	3	0.0706576733	
106	3	0.1005786847	
106	3	0.0436590157	
106	3	0.0771130738	
106	3	0.1045885386	
106	3	0.0204877326	
106	3	0.0157013706	
106	3	0.0209499129	
106	3	0.1760874622	
106	3	0.0848259636	
106	3	0.0738055580	
106	3	0.0481695308	
106	3	0.0586475732	
106	3	0.0309244572	
106	3	0.0902738229	
106	3	0.1022794716	
106	3	0.0974343384	
106	3	0.0877009266	
106	3	0.2778352914	
106	3	0.0915983500	
106	3	0.1150603527	
106	3	0.0762360387	
106	3	0.0754404480	
106	3	0.0725483535	
106	3	0.0218394080	
106	3	0.1246351656	
106	3	0.0891759059	
106	3	0.0808792074	
106	4	NaN	
106	4	0.1580772373	
106	4	NaN	
106	4	NaN	
106	4	NaN	
106	4	NaN	
106	4	NaN	
106	4	NaN	
106	4	NaN	
106	4	NaN	
106	4	NaN	
106	4	NaN	
106	4	NaN	
106	4	NaN	
106	4	NaN	
106	4	NaN	
106	4	NaN	
106	4	NaN	
106	4	NaN	
106	4	NaN	
106	4	0.1777115114	
106	4	NaN	
106	4	NaN	
106	4	0.1615444378	
106	4	NaN	
106	4	NaN	
106	4	NaN	
106	4	NaN	
106	4	NaN	
107	2	NaN	
107	2	0.0893149711	
107	2	NaN	
107	2	NaN	
107	2	NaN	
107	2	NaN	
107	2	NaN	
107	2	NaN	
107	2	NaN	
107	2	NaN	
107	2	NaN	
107	2	0.0823143337	
107	2	NaN	
107	2	NaN	
107	2	NaN	
107	2	NaN	
107	2	NaN	
107	2	NaN	
107	2	NaN	
107	2	NaN	
107	2	0.0871518300	
107	2	NaN	
107	2	NaN	
107	2	0.0904556024	
107	2	NaN	
107	2	NaN	
107	2	NaN	
107	2	NaN	
107	2	NaN	
107	3	0.0169514259	
107	3	0.0645379575	
107	3	0.0945512529	
107	3	0.0377095675	
107	3	0.0735156535	
107	3	0.1051222657	
107	3	0.0215550246	
107	3	0.0163707923	
107	3	0.0209305906	
107	3	0.2056739396	
107	3	0.1064206814	
107	3	0.0804281028	
107	3	0.0466467744	
107	3	0.0649811753	
107	3	0.0320520529	
107	3	0.0908947336	
107	3	0.0859261521	
107	3	0.0932023102	
107	3	0.0824471422	
107	3	0.2461473961	
107	3	0.0824666866	
107	3	0.1125452957	
107	3	0.0831633491	
107	3	0.0804373942	
107	3	0.0739496433	
107	3	0.0215886226	
107	3	0.1167280600	
107	3	0.0588639554	
107	3	0.0841610958	
107	4	NaN	
107	4	0.1538529286	
107	4	NaN	
107	4	NaN	
107	4	NaN	
107	4	NaN	
107	4	NaN	
107	4	NaN	
107	4	NaN	
107	4	NaN	
107	4	NaN	
107	4	0.1627424365	
107	4	NaN	
107	4	NaN	
107	4	NaN	
107	4	NaN	
107	4	NaN	
107	4	NaN	
107	4	NaN	
107	4	NaN	
107	4	0.1696185166	
107	4	NaN	
107	4	NaN	
107	4	0.1708929966	
107	4	NaN	
107	4	NaN	
107	4	NaN	
107	4	NaN	
107	4	NaN	
108	2	NaN	
108	2	0.0854826213	
108	2	NaN	
108	2	NaN	
108	2	NaN	
108	2	NaN	
108	2	NaN	
108	2	NaN	
108	2	NaN	
108	2	NaN	
108	2	NaN	
108	2	0.0831648566	
108	2	NaN	
108	2	NaN	
108	2	NaN	
108	2	NaN	
108	2	NaN	
108	2	NaN	
108	2	NaN	
108	2	NaN	
108	2	0.0874502298	
108	2	NaN	
108	2	NaN	
108	2	0.0840005547	
108	2	NaN	
108	2	NaN	
108	2	NaN	
108	2	NaN	
108	2	NaN	
108	3	0.0169314862	
108	3	0.0624772641	
108	3	0.0819092325	
108	3	0.0380617271	
108	3	0.0750815734	
108	3	0.1002750968	
108	3	0.0216760887	
108	3	0.0166805914	
108	3	0.0218938379	
108	3	0.1396082460	
108	3	0.1134258464	
108	3	0.0737900392	
108	3	0.0477256708	
108	3	0.0653155843	
108	3	0.0306660560	
108	3	0.0829915635	
108	3	0.0872771698	
108	3	0.1078758936	
108	3	0.0743269232	
108	3	0.2014098798	
108	3	0.0815947400	
108	3	0.1182861982	
108	3	0.0753208396	
108	3	0.0780466235	
108	3	0.0654696364	
108	3	0.0211264424	
108	3	0.1169296893	
108	3	0.0711954429	
108	3	0.0896810605	
108	4	NaN	
108	4	0.1479598854	
108	4	NaN	
108	4	NaN	
108	4	NaN	
108	4	NaN	
108	4	NaN	
108	4	NaN	
108	4	NaN	
108	4	NaN	
108	4	NaN	
108	4	0.1569548958	
108	4	NaN	
108	4	NaN	
108	4	NaN	
108	4	NaN	
108	4	NaN	
108	4	NaN	
108	4	NaN	
108	4	NaN	
108	4	0.1690449698	
108	4	NaN	
108	4	NaN	
108	4	0.1620471783	
108	4	NaN	
108	4	NaN	
108	4	NaN	
108	4	NaN	
108	4	NaN	
109	2	NaN	
109	2	NaN	
109	2	0.0781425095	
109	2	NaN	
109	2	NaN	
109	2	NaN	
109	2	NaN	
109	2	NaN	
109	2	NaN	
109	2	NaN	
109	2	NaN	
109	2	0.0847832837	
109	2	0.0384442283	
109	2	NaN	
109	2	NaN	
109	2	NaN	
109	2	0.1474263759	
109	2	NaN	
109	2	NaN	
109	2	NaN	
109	2	0.0765429693	
109	2	NaN	
109	2	NaN	
109	2	0.0824857941	
109	2	NaN	
109	2	0.0221870161	
109	2	NaN	
109	2	NaN	
109	2	NaN	
109	3	0.0169525781	
109	3	0.0574941883	
109	3	0.0864881378	
109	3	0.0308070788	
109	3	0.0729615881	
109	3	0.0862808488	
109	3	0.0221868568	
109	3	0.0168305247	
109	3	0.0218566698	
109	3	0.1530725859	
109	3	0.1092452119	
109	3	0.0651152688	
109	3	0.0471978751	
109	3	0.0600399519	
109	3	0.0317608317	
109	3	0.0830026140	
109	3	0.1108494205	
109	3	0.1184146007	
109	3	0.0824019708	
109	3	0.1958508205	
109	3	0.0827843571	
109	3	0.1195822705	
109	3	0.0759544400	
109	3	0.0783471910	
109	3	0.0648525050	
109	3	0.0208346949	
109	3	0.1384591695	
109	3	0.0754027263	
109	3	0.0912503438	
109	4	NaN	
109	4	NaN	
109	4	0.1646306473	
109	4	NaN	
109	4	NaN	
109	4	NaN	
109	4	NaN	
109	4	NaN	
109	4	NaN	
109	4	NaN	
109	4	NaN	
109	4	0.1498985525	
109	4	0.0856421034	
109	4	NaN	
109	4	NaN	
109	4	NaN	
109	4	0.2582757964	
109	4	NaN	
109	4	NaN	
109	4	NaN	
109	4	0.1593273264	
109	4	NaN	
109	4	NaN	
109	4	0.1608329851	
109	4	NaN	
109	4	0.0430217110	
109	4	NaN	
109	4	NaN	
109	4	NaN	
110	2	NaN	
110	2	NaN	
110	2	0.0774464156	
110	2	NaN	
110	2	NaN	
110	2	NaN	
110	2	NaN	
110	2	NaN	
110	2	NaN	
110	2	NaN	
110	2	NaN	
110	2	0.0765855950	
110	2	0.0383779437	
110	2	NaN	
110	2	NaN	
110	2	NaN	
110	2	0.1066009483	
110	2	NaN	
110	2	NaN	
110	2	NaN	
110	2	0.0787649646	
110	2	NaN	
110	2	NaN	
110	2	0.0878688694	
110	2	NaN	
110	2	NaN	
110	2	NaN	
110	2	NaN	
110	2	NaN	
110	3	0.0168608962	
110	3	0.0621688135	
110	3	0.0707834885	
110	3	0.0288123527	
110	3	0.0661858211	
110	3	0.0957733194	
110	3	0.0237677469	
110	3	0.0173789090	
110	3	0.0237538695	
110	3	0.1617148014	
110	3	0.1108596108	
110	3	0.0643877430	
110	3	0.0478785622	
110	3	0.0616769667	
110	3	0.0313305679	
110	3	0.0834390288	
110	3	0.0940552427	
110	3	0.1182950116	
110	3	0.0939063564	
110	3	0.1474954000	
110	3	0.0751092857	
110	3	0.1178985261	
110	3	0.0800087869	
110	3	0.0821277982	
110	3	0.0678874597	
110	3	0.0208678943	
110	3	0.1410588090	
110	3	0.0735776779	
110	3	0.0967123629	
110	4	NaN	
110	4	NaN	
110	4	0.1482299041	
110	4	NaN	
110	4	NaN	
110	4	NaN	
110	4	NaN	
110	4	NaN	
110	4	NaN	
110	4	NaN	
110	4	NaN	
110	4	0.1409733379	
110	4	0.0862565060	
110	4	NaN	
110	4	NaN	
110	4	NaN	
110	4	0.2006561910	
110	4	NaN	
110	4	NaN	
110	4	NaN	
110	4	0.1538742502	
110	4	NaN	
110	4	NaN	
110	4	0.1699966676	
110	4	NaN	
110	4	NaN	
110	4	NaN	
110	4	NaN	
110	4	NaN	
111	2	NaN	
111	2	NaN	
111	2	0.0793647925	
111	2	NaN	
111	2	NaN	
111	2	NaN	
111	2	NaN	
111	2	NaN	
111	2	NaN	
111	2	NaN	
111	2	NaN	
111	2	0.0757077595	
111	2	0.0371385800	
111	2	NaN	
111	2	NaN	
111	2	NaN	
111	2	0.1123771285	
111	2	NaN	
111	2	NaN	
111	2	NaN	
111	2	0.0845686662	
111	2	NaN	
111	2	NaN	
111	2	0.0858385401	
111	2	NaN	
111	2	NaN	
111	2	NaN	
111	2	NaN	
111	2	NaN	
111	3	0.0172036827	
111	3	0.0691672818	
111	3	0.0744236560	
111	3	0.0249122903	
111	3	0.0649484029	
111	3	0.1016256666	
111	3	0.0250259945	
111	3	0.0174704753	
111	3	0.0253008973	
111	3	0.1487728152	
111	3	0.1109504595	
111	3	0.0783635214	
111	3	0.0471218784	
111	3	0.0603522525	
111	3	0.0329132593	
111	3	0.0826643323	
111	3	0.0878147179	
111	3	0.1113696376	
111	3	0.0823141337	
111	3	0.1571830011	
111	3	0.0692702420	
111	3	0.1096377595	
111	3	0.0733815210	
111	3	0.0802546873	
111	3	0.0627234018	
111	3	0.0216743407	
111	3	0.1750881492	
111	3	0.0695482892	
111	3	0.1078020549	
111	4	NaN	
111	4	NaN	
111	4	0.1537884485	
111	4	NaN	
111	4	NaN	
111	4	NaN	
111	4	NaN	
111	4	NaN	
111	4	NaN	
111	4	NaN	
111	4	NaN	
111	4	0.1540712809	
111	4	0.0842604585	
111	4	NaN	
111	4	NaN	
111	4	NaN	
111	4	0.2001918465	
111	4	NaN	
111	4	NaN	
111	4	NaN	
111	4	0.1538389082	
111	4	NaN	
111	4	NaN	
111	4	0.1660932274	
111	4	NaN	
111	4	NaN	
111	4	NaN	
111	4	NaN	
111	4	NaN	
112	2	NaN	
112	2	NaN	
112	2	0.0836251282	
112	2	NaN	
112	2	NaN	
112	2	NaN	
112	2	NaN	
112	2	NaN	
112	2	0.0247835996	
112	2	NaN	
112	2	NaN	
112	2	0.0805199281	
112	2	0.0343664898	
112	2	NaN	
112	2	NaN	
112	2	NaN	
112	2	0.0953697770	
112	2	NaN	
112	2	NaN	
112	2	NaN	
112	2	0.0846919110	
112	2	NaN	
112	2	NaN	
112	2	0.0933595231	
112	2	NaN	
112	2	NaN	
112	2	NaN	
112	2	NaN	
112	2	NaN	
112	3	0.0175412515	
112	3	0.0628712512	
112	3	0.0856523621	
112	3	0.0234001936	
112	3	0.0935861696	
112	3	0.0963508917	
112	3	0.0266633570	
112	3	0.0184638602	
112	3	0.0246048325	
112	3	0.1635426539	
112	3	0.1089637014	
112	3	0.0649600288	
112	3	0.0478143812	
112	3	0.0669795760	
112	3	0.0316735233	
112	3	0.0866654797	
112	3	0.0744991447	
112	3	0.1125565458	
112	3	0.0787019799	
112	3	0.1551724980	
112	3	0.0777875043	
112	3	0.1149487659	
112	3	0.0723324009	
112	3	0.0901058449	
112	3	0.0650329760	
112	3	0.0208741013	
112	3	0.1606322721	
112	3	0.0699335440	
112	3	0.1118157330	
112	4	NaN	
112	4	NaN	
112	4	0.1692774902	
112	4	NaN	
112	4	NaN	
112	4	NaN	
112	4	NaN	
112	4	NaN	
112	4	0.0493884321	
112	4	NaN	
112	4	NaN	
112	4	0.1454799568	
112	4	0.0821808710	
112	4	NaN	
112	4	NaN	
112	4	NaN	
112	4	0.1698689217	
112	4	NaN	
112	4	NaN	
112	4	NaN	
112	4	0.1624794153	
112	4	NaN	
112	4	NaN	
112	4	0.1834653681	
112	4	NaN	
112	4	NaN	
112	4	NaN	
112	4	NaN	
112	4	NaN	
113	2	NaN	
113	2	NaN	
113	2	0.0831459108	
113	2	NaN	
113	2	NaN	
113	2	NaN	
113	2	NaN	
113	2	NaN	
113	2	0.0247983182	
113	2	NaN	
113	2	NaN	
113	2	0.0858264614	
113	2	0.0322221173	
113	2	NaN	
113	2	NaN	
113	2	NaN	
113	2	0.0952107310	
113	2	NaN	
113	2	NaN	
113	2	NaN	
113	2	0.0879002188	
113	2	NaN	
113	2	NaN	
113	2	0.1061143087	
113	2	NaN	
113	2	NaN	
113	2	NaN	
113	2	NaN	
113	2	NaN	
113	3	0.0176248505	
113	3	0.0685046134	
113	3	0.0763455169	
113	3	0.0250516206	
113	3	0.0989685717	
113	3	0.0889836438	
113	3	0.0267398208	
113	3	0.0188565599	
113	3	0.0243028291	
113	3	0.1253051002	
113	3	0.1075199402	
113	3	0.0619063070	
113	3	0.0485018618	
113	3	0.0579866869	
113	3	0.0306551058	
113	3	0.0951323601	
113	3	0.0712091263	
113	3	0.1078274629	
113	3	0.0748571576	
113	3	0.0877829819	
113	3	0.0735682806	
113	3	0.1159214368	
113	3	0.0724666362	
113	3	0.0803020946	
113	3	0.0624532066	
113	3	0.0212796881	
113	3	0.1602310916	
113	3	0.0676488756	
113	3	0.1109850286	
113	4	NaN	
113	4	NaN	
113	4	0.1594914278	
113	4	NaN	
113	4	NaN	
113	4	NaN	
113	4	NaN	
113	4	NaN	
113	4	0.0491011473	
113	4	NaN	
113	4	NaN	
113	4	0.1477327684	
113	4	0.0807239791	
113	4	NaN	
113	4	NaN	
113	4	NaN	
113	4	0.1664198573	
113	4	NaN	
113	4	NaN	
113	4	NaN	
113	4	0.1614684994	
113	4	NaN	
113	4	NaN	
113	4	0.1864164034	
113	4	NaN	
113	4	NaN	
113	4	NaN	
113	4	NaN	
113	4	NaN	
114	2	NaN	
114	2	0.0727096739	
114	2	0.0905356191	
114	2	NaN	
114	2	NaN	
114	2	NaN	
114	2	NaN	
114	2	NaN	
114	2	NaN	
114	2	NaN	
114	2	NaN	
114	2	NaN	
114	2	0.0319071074	
114	2	0.0580838760	
114	2	NaN	
114	2	NaN	
114	2	0.1037763339	
114	2	NaN	
114	2	NaN	
114	2	NaN	
114	2	0.0872817110	
114	2	NaN	
114	2	NaN	
114	2	0.1240312032	
114	2	NaN	
114	2	0.0157001132	
114	2	NaN	
114	2	NaN	
114	2	NaN	
114	3	0.0175019997	
114	3	0.0663926255	
114	3	0.0765632960	
114	3	0.0251391124	
114	3	0.1096021157	
114	3	0.0951909483	
114	3	0.0272087199	
114	3	0.0186279964	
114	3	0.0263125189	
114	3	0.1147532442	
114	3	0.0943388023	
114	3	0.0681820938	
114	3	0.0522364904	
114	3	0.0603780553	
114	3	0.0318319242	
114	3	0.0993412309	
114	3	0.0842022720	
114	3	0.1095431602	
114	3	0.0804015445	
114	3	0.0888432394	
114	3	0.0847639442	
114	3	0.1072642607	
114	3	0.0725515814	
114	3	0.0766138913	
114	3	0.0715396750	
114	3	0.0221609332	
114	3	0.1504013183	
114	3	0.0757177073	
114	3	0.1241381791	
114	4	NaN	
114	4	0.1391022995	
114	4	0.1670989151	
114	4	NaN	
114	4	NaN	
114	4	NaN	
114	4	NaN	
114	4	NaN	
114	4	NaN	
114	4	NaN	
114	4	NaN	
114	4	NaN	
114	4	0.0841435978	
114	4	0.1184619312	
114	4	NaN	
114	4	NaN	
114	4	0.1879786059	
114	4	NaN	
114	4	NaN	
114	4	NaN	
114	4	0.1720456551	
114	4	NaN	
114	4	NaN	
114	4	0.2006450944	
114	4	NaN	
114	4	0.0378610464	
114	4	NaN	
114	4	NaN	
114	4	NaN	
115	2	NaN	
115	2	0.0765881526	
115	2	0.0912943733	
115	2	NaN	
115	2	NaN	
115	2	NaN	
115	2	NaN	
115	2	NaN	
115	2	NaN	
115	2	NaN	
115	2	NaN	
115	2	NaN	
115	2	0.0358794829	
115	2	0.0575391066	
115	2	NaN	
115	2	0.0936054984	
115	2	0.1142788695	
115	2	NaN	
115	2	NaN	
115	2	NaN	
115	2	0.0850335447	
115	2	NaN	
115	2	NaN	
115	2	0.1108464168	
115	2	NaN	
115	2	0.0154051300	
115	2	NaN	
115	2	NaN	
115	2	NaN	
115	3	0.0177865007	
115	3	0.0704599945	
115	3	0.0830499383	
115	3	0.0256740935	
115	3	0.1040109435	
115	3	0.0961306758	
115	3	0.0289699327	
115	3	0.0201347158	
115	3	0.0265873529	
115	3	0.0709616914	
115	3	0.0990710595	
115	3	0.0700267524	
115	3	0.0505284078	
115	3	0.0588644404	
115	3	0.0311601762	
115	3	0.1088114956	
115	3	0.0925199694	
115	3	0.1015799632	
115	3	0.0732348255	
115	3	0.0667627911	
115	3	0.0835803607	
115	3	0.1189323495	
115	3	0.0822284307	
115	3	0.0821939559	
115	3	0.0680604097	
115	3	0.0221970473	
115	3	0.1473888847	
115	3	0.0787494539	
115	3	0.1265785154	
115	4	NaN	
115	4	0.1470481471	
115	4	0.1743443116	
115	4	NaN	
115	4	NaN	
115	4	NaN	
115	4	NaN	
115	4	NaN	
115	4	NaN	
115	4	NaN	
115	4	NaN	
115	4	NaN	
115	4	0.0864078907	
115	4	0.1164035471	
115	4	NaN	
115	4	0.2024169940	
115	4	0.2067988389	
115	4	NaN	
115	4	NaN	
115	4	NaN	
115	4	0.1686139054	
115	4	NaN	
115	4	NaN	
115	4	0.1930403728	
115	4	NaN	
115	4	0.0376021774	
115	4	NaN	
115	4	NaN	
115	4	NaN	
116	2	NaN	
116	2	0.0791912753	
116	2	0.0930097713	
116	2	NaN	
116	2	NaN	
116	2	NaN	
116	2	NaN	
116	2	NaN	
116	2	NaN	
116	2	NaN	
116	2	0.0761101994	
116	2	0.0993071277	
116	2	0.0408860905	
116	2	0.0578132828	
116	2	0.0321122378	
116	2	0.0923615231	
116	2	0.1331143666	
116	2	NaN	
116	2	NaN	
116	2	NaN	
116	2	0.1030791110	
116	2	0.1169800786	
116	2	NaN	
116	2	0.1131357128	
116	2	0.0754830361	
116	2	0.0156373506	
116	2	NaN	
116	2	NaN	
116	2	NaN	
116	3	0.0181722672	
116	3	0.0706923570	
116	3	0.0815972938	
116	3	0.0224591582	
116	3	0.0999083123	
116	3	0.0596267740	
116	3	0.0271402452	
116	3	0.0206577858	
116	3	0.0266497880	
116	3	0.0526647000	
116	3	0.0939172170	
116	3	0.0756453787	
116	3	0.0507674188	
116	3	0.0560952705	
116	3	0.0302770076	
116	3	0.1162697988	
116	3	0.1047261051	
116	3	0.0942429318	
116	3	0.0685212064	
116	3	0.0718003586	
116	3	0.0925150911	
116	3	0.1165727546	
116	3	0.0796114179	
116	3	0.0746846805	
116	3	0.0654592796	
116	3	0.0214405874	
116	3	0.1116341830	
116	3	0.0722846747	
116	3	0.1276251859	
116	4	NaN	
116	4	0.1498836323	
116	4	0.1746070652	
116	4	NaN	
116	4	NaN	
116	4	NaN	
116	4	NaN	
116	4	NaN	
116	4	NaN	
116	4	NaN	
116	4	0.1700274163	
116	4	0.1749525065	
116	4	0.0916535093	
116	4	0.1139085533	
116	4	0.0623892454	
116	4	0.2086313220	
116	4	0.2378404717	
116	4	NaN	
116	4	NaN	
116	4	NaN	
116	4	0.1955942021	
116	4	0.2335528332	
116	4	NaN	
116	4	0.1878203933	
116	4	0.1409423157	
116	4	0.0370779380	
116	4	NaN	
116	4	NaN	
116	4	NaN	
117	2	NaN	
117	2	0.0844031575	
117	2	0.0964369989	
117	2	NaN	
117	2	NaN	
117	2	NaN	
117	2	NaN	
117	2	NaN	
117	2	NaN	
117	2	NaN	
117	2	0.0760571097	
117	2	0.0973326213	
117	2	0.0494425358	
117	2	0.0613246969	
117	2	0.0311886348	
117	2	0.0876269628	
117	2	0.1364145388	
117	2	NaN	
117	2	0.0969492458	
117	2	NaN	
117	2	0.0999489180	
117	2	0.1283681061	
117	2	NaN	
117	2	0.1175567782	
117	2	0.0781260900	
117	2	0.0147512213	
117	2	NaN	
117	2	NaN	
117	2	NaN	
117	3	0.0194705856	
117	3	0.0636590025	
117	3	0.0832379740	
117	3	0.0252609976	
117	3	0.1094101838	
117	3	0.0642761213	
117	3	0.0289316300	
117	3	0.0216444226	
117	3	0.0304098445	
117	3	0.0520020121	
117	3	0.0962904779	
117	3	0.0714369414	
117	3	0.0562924010	
117	3	0.0614668788	
117	3	0.0310416831	
117	3	0.1149168267	
117	3	0.0985297516	
117	3	0.0952480373	
117	3	0.0811739195	
117	3	0.0739248905	
117	3	0.0873009604	
117	3	0.1245060805	
117	3	0.0983072371	
117	3	0.0717344274	
117	3	0.0639460752	
117	3	0.0214808001	
117	3	0.1068899223	
117	3	0.0806477533	
117	3	0.1300133419	
117	4	NaN	
117	4	0.1480621600	
117	4	0.1796749729	
117	4	NaN	
117	4	NaN	
117	4	NaN	
117	4	NaN	
117	4	NaN	
117	4	NaN	
117	4	NaN	
117	4	0.1723475876	
117	4	0.1687695628	
117	4	0.1057349368	
117	4	0.1227915757	
117	4	0.0622303180	
117	4	0.2025437895	
117	4	0.2349442904	
117	4	NaN	
117	4	0.1781231653	
117	4	NaN	
117	4	0.1872498783	
117	4	0.2528741866	
117	4	NaN	
117	4	0.1892912056	
117	4	0.1420721651	
117	4	0.0362320214	
117	4	NaN	
117	4	NaN	
117	4	NaN	
118	2	NaN	
118	2	0.0871499192	
118	2	0.1081308292	
118	2	NaN	
118	2	NaN	
118	2	NaN	
118	2	NaN	
118	2	NaN	
118	2	NaN	
118	2	NaN	
118	2	0.0777084092	
118	2	0.1197499032	
118	2	0.0552952329	
118	2	0.0616948155	
118	2	0.0325297486	
118	2	0.1011386003	
118	2	0.1411772975	
118	2	NaN	
118	2	0.0987968445	
118	2	NaN	
118	2	0.1019195341	
118	2	0.1362188417	
118	2	NaN	
118	2	0.1192681668	
118	2	0.0757546655	
118	2	0.0144366841	
118	2	NaN	
118	2	NaN	
118	2	NaN	
118	3	0.0191844033	
118	3	0.0653299795	
118	3	0.0798428783	
118	3	0.0226603193	
118	3	0.1146289644	
118	3	0.0583721377	
118	3	0.0297618220	
118	3	0.0206910722	
118	3	0.0320050721	
118	3	0.0577550491	
118	3	0.0803859797	
118	3	0.0815824022	
118	3	0.0570569212	
118	3	0.0676823385	
118	3	0.0339883114	
118	3	0.1187283864	
118	3	0.0978773646	
118	3	0.0945248262	
118	3	0.0858766864	
118	3	0.0660470874	
118	3	0.0820657443	
118	3	0.1193014470	
118	3	0.1022775136	
118	3	0.0733038896	
118	3	0.0588048042	
118	3	0.0221314917	
118	3	0.0993772313	
118	3	0.0827180239	
118	3	0.1306109277	
118	4	NaN	
118	4	0.1524798987	
118	4	0.1879737075	
118	4	NaN	
118	4	NaN	
118	4	NaN	
118	4	NaN	
118	4	NaN	
118	4	NaN	
118	4	NaN	
118	4	0.1580943890	
118	4	0.2013323054	
118	4	0.1123521541	
118	4	0.1293771540	
118	4	0.0665180600	
118	4	0.2198669867	
118	4	0.2390546621	
118	4	NaN	
118	4	0.1846735309	
118	4	NaN	
118	4	0.1839852784	
118	4	0.2555202887	
118	4	NaN	
118	4	0.1925720564	
118	4	0.1345594698	
118	4	0.0365681758	
118	4	NaN	
118	4	NaN	
118	4	NaN	
119	2	NaN	
119	2	0.0892493666	
119	2	0.1071052497	
119	2	NaN	
119	2	NaN	
119	2	NaN	
119	2	0.0319120029	
119	2	NaN	
119	2	0.0345742449	
119	2	NaN	
119	2	0.0797150170	
119	2	0.1345427060	
119	2	0.0605992796	
119	2	0.0619054361	
119	2	0.0341386840	
119	2	0.1126533854	
119	2	0.1444522603	
119	2	NaN	
119	2	0.0979221900	
119	2	NaN	
119	2	0.0997922047	
119	2	0.1431193578	
119	2	NaN	
119	2	0.1226591145	
119	2	0.0731376068	
119	2	0.0146773575	
119	2	NaN	
119	2	NaN	
119	2	0.0718567142	
119	3	0.0193639422	
119	3	0.0686804876	
119	3	0.0786807201	
119	3	0.0247904300	
119	3	0.1086777295	
119	3	0.0553541633	
119	3	0.0252574797	
119	3	0.0213664064	
119	3	0.0345198439	
119	3	0.0635826784	
119	3	0.0801814054	
119	3	0.0801376008	
119	3	0.0590287748	
119	3	0.0695925903	
119	3	0.0349786087	
119	3	0.1254525714	
119	3	0.0822362914	
119	3	0.0990354448	
119	3	0.0856989016	
119	3	0.0631949519	
119	3	0.0866850758	
119	3	0.1325540312	
119	3	0.0911225640	
119	3	0.0716562670	
119	3	0.0616807348	
119	3	0.0235841128	
119	3	0.1120299210	
119	3	0.0737739178	
119	3	0.1120682807	
119	4	NaN	
119	4	0.1579298542	
119	4	0.1857859698	
119	4	NaN	
119	4	NaN	
119	4	NaN	
119	4	0.0571694827	
119	4	NaN	
119	4	0.0690940888	
119	4	NaN	
119	4	0.1598964224	
119	4	0.2146803068	
119	4	0.1196280544	
119	4	0.1314980264	
119	4	0.0691172928	
119	4	0.2381059568	
119	4	0.2266885516	
119	4	NaN	
119	4	0.1836210917	
119	4	NaN	
119	4	0.1864772805	
119	4	0.2756733890	
119	4	NaN	
119	4	0.1943153815	
119	4	0.1348183416	
119	4	0.0382614703	
119	4	NaN	
119	4	NaN	
119	4	0.1839249949	
120	2	NaN	
120	2	0.0868732861	
120	2	0.1199225119	
120	2	NaN	
120	2	NaN	
120	2	NaN	
120	2	0.0319483999	
120	2	NaN	
120	2	0.0360318238	
120	2	NaN	
120	2	0.0845387647	
120	2	0.1358951159	
120	2	0.0658237246	
120	2	0.0686775172	
120	2	0.0376304054	
120	2	0.1360569450	
120	2	NaN	
120	2	NaN	
120	2	NaN	
120	2	NaN	
120	2	0.1028710467	
120	2	0.1485601493	
120	2	0.0684315254	
120	2	0.1193180049	
120	2	0.0751967025	
120	2	0.0154153239	
120	2	NaN	
120	2	0.0642149442	
120	2	0.0770490506	
120	3	0.0205234186	
120	3	0.0658786351	
120	3	0.0746223087	
120	3	0.0226695480	
120	3	0.1073724593	
120	3	0.0533145968	
120	3	0.0291927308	
120	3	0.0215885552	
120	3	0.0346723128	
120	3	0.0632340202	
120	3	0.0863675651	
120	3	0.0754630076	
120	3	0.0621700070	
120	3	0.0676819836	
120	3	0.0356295719	
120	3	0.1241934549	
120	3	0.0679979116	
120	3	0.0950068926	
120	3	0.0837706769	
120	3	0.0807661227	
120	3	0.0879403156	
120	3	0.1272536387	
120	3	0.0908470036	
120	3	0.0687330960	
120	3	0.0658224964	
120	3	0.0232639990	
120	3	0.0896560761	
120	3	0.0811274276	
120	3	0.1214456439	
120	4	NaN	
120	4	0.1527519212	
120	4	0.1945448206	
120	4	NaN	
120	4	NaN	
120	4	NaN	
120	4	0.0611411306	
120	4	NaN	
120	4	0.0707041365	
120	4	NaN	
120	4	0.1709063299	
120	4	0.2113581235	
120	4	0.1279937317	
120	4	0.1363595008	
120	4	0.0732599774	
120	4	0.2602503999	
120	4	NaN	
120	4	NaN	
120	4	NaN	
120	4	NaN	
120	4	0.1908113624	
120	4	0.2758137881	
120	4	0.1592785290	
120	4	0.1880511010	
120	4	0.1410191989	
120	4	0.0386793229	
120	4	NaN	
120	4	0.1453423717	
120	4	0.1984946945	
121	2	0.0184789373	
121	2	0.0881815623	
121	2	0.1194461331	
121	2	NaN	
121	2	NaN	
121	2	NaN	
121	2	0.0321883692	
121	2	NaN	
121	2	0.0353288476	
121	2	NaN	
121	2	0.0978846074	
121	2	0.1367922710	
121	2	0.0699022504	
121	2	0.0759106204	
121	2	0.0359797648	
121	2	0.1297187806	
121	2	NaN	
121	2	NaN	
121	2	0.1133058803	
121	2	0.0611009741	
121	2	0.1049601418	
121	2	0.1497308779	
121	2	0.0721737191	
121	2	0.1147821665	
121	2	0.0754292916	
121	2	0.0151482233	
121	2	NaN	
121	2	0.0625783260	
121	2	0.0808474211	
121	3	0.0211899213	
121	3	0.0777848551	
121	3	0.0783915845	
121	3	0.0243820973	
121	3	0.0990381305	
121	3	0.0493565305	
121	3	0.0302348911	
121	3	0.0223731016	
121	3	0.0353735640	
121	3	0.0606949379	
121	3	0.0961702243	
121	3	0.0659659516	
121	3	0.0695911125	
121	3	0.0692609305	
121	3	0.0355926483	
121	3	0.1304529453	
121	3	0.1063062221	
121	3	0.0905997134	
121	3	0.0904592433	
121	3	0.0638292451	
121	3	0.0887508059	
121	3	0.1301245329	
121	3	0.0975869461	
121	3	0.0734810126	
121	3	0.0666445262	
121	3	0.0231950498	
121	3	0.0882580480	
121	3	0.0898458454	
121	3	0.1221239438	
121	4	0.0396688587	
121	4	0.1659664174	
121	4	0.1978377176	
121	4	NaN	
121	4	NaN	
121	4	NaN	
121	4	0.0624232602	
121	4	NaN	
121	4	0.0707024115	
121	4	NaN	
121	4	0.1940548318	
121	4	0.2027582227	
121	4	0.1394933628	
121	4	0.1451715508	
121	4	0.0715724131	
121	4	0.2601717260	
121	4	NaN	
121	4	NaN	
121	4	0.2037651236	
121	4	0.1249302191	
121	4	0.1937109477	
121	4	0.2798554108	
121	4	0.1697606652	
121	4	0.1882631790	
121	4	0.1420738177	
121	4	0.0383432731	
121	4	NaN	
121	4	0.1524241715	
121	4	0.2029713650	
122	2	0.0190885554	
122	2	0.0922427524	
122	2	0.1267448891	
122	2	NaN	
122	2	NaN	
122	2	NaN	
122	2	NaN	
122	2	NaN	
122	2	0.0390432420	
122	2	NaN	
122	2	0.1040597567	
122	2	0.1248262641	
122	2	0.0735791884	
122	2	0.0820469854	
122	2	0.0371852582	
122	2	0.1305576372	
122	2	0.1568111205	
122	2	NaN	
122	2	NaN	
122	2	NaN	
122	2	0.1051612214	
122	2	0.1475403837	
122	2	0.0720242039	
122	2	0.1134584714	
122	2	0.0723083709	
122	2	0.0150355090	
122	2	NaN	
122	2	0.0663297390	
122	2	0.0794573597	
122	3	0.0203267357	
122	3	0.0807097048	
122	3	0.0755114960	
122	3	0.0267403083	
122	3	0.0965553202	
122	3	0.0516395881	
122	3	0.0353953038	
122	3	0.0229675525	
122	3	0.0361611919	
122	3	0.0683766972	
122	3	0.0995047349	
122	3	0.0688028212	
122	3	0.0708873068	
122	3	0.0745727349	
122	3	0.0335164488	
122	3	0.1321721566	
122	3	0.1222203861	
122	3	0.0943984653	
122	3	0.0873134187	
122	3	0.0744251680	
122	3	0.0918690450	
122	3	0.1208221479	
122	3	0.0928013353	
122	3	0.0797854508	
122	3	0.0610498864	
122	3	0.0224967680	
122	3	0.0794547379	
122	3	0.0898314284	
122	3	0.1231779830	
122	4	0.0394152911	
122	4	0.1729524572	
122	4	0.2022563851	
122	4	NaN	
122	4	NaN	
122	4	NaN	
122	4	NaN	
122	4	NaN	
122	4	0.0752044340	
122	4	NaN	
122	4	0.2035644915	
122	4	0.1936290854	
122	4	0.1444664952	
122	4	0.1566197203	
122	4	0.0707017070	
122	4	0.2627297938	
122	4	0.2790315066	
122	4	NaN	
122	4	NaN	
122	4	NaN	
122	4	0.1970302664	
122	4	0.2683625316	
122	4	0.1648255392	
122	4	0.1932439222	
122	4	0.1333582572	
122	4	0.0375322770	
122	4	NaN	
122	4	0.1561611674	
122	4	0.2026353426	
123	2	0.0191093652	
123	2	0.0941169481	
123	2	0.1241370432	
123	2	NaN	
123	2	NaN	
123	2	NaN	
123	2	NaN	
123	2	NaN	
123	2	0.0412012151	
123	2	NaN	
123	2	0.1109932888	
123	2	0.1151801594	
123	2	0.0771498115	
123	2	0.0903474156	
123	2	0.0410230463	
123	2	0.1348659941	
123	2	0.1553786762	
123	2	NaN	
123	2	0.1499964662	
123	2	NaN	
123	2	0.1069892235	
123	2	0.1489207135	
123	2	0.0743756023	
123	2	0.1088507689	
123	2	0.0703973180	
123	2	0.0150849417	
123	2	NaN	
123	2	0.0675207426	
123	2	0.0785206088	
123	3	0.0196685630	
123	3	0.0774091210	
123	3	0.0723064140	
123	3	0.0268448564	
123	3	0.1074753208	
123	3	0.0503959265	
123	3	0.0314755926	
123	3	0.0256187537	
123	3	0.0374089491	
123	3	0.0635131520	
123	3	0.1030940610	
123	3	0.0704853925	
123	3	0.0730102217	
123	3	0.0794518404	
123	3	0.0326747369	
123	3	0.1252366038	
123	3	0.1212767903	
123	3	0.0906489636	
123	3	0.0771932433	
123	3	0.0784035527	
123	3	0.0958180738	
123	3	0.1121813619	
123	3	0.0993106261	
123	3	0.0819081550	
123	3	0.0661652398	
123	3	0.0224259027	
123	3	0.0928377035	
123	3	0.0822980551	
123	3	0.1342471160	
123	4	0.0387779282	
123	4	0.1715260691	
123	4	0.1964434571	
123	4	NaN	
123	4	NaN	
123	4	NaN	
123	4	NaN	
123	4	NaN	
123	4	0.0786101643	
123	4	NaN	
123	4	0.2140873499	
123	4	0.1856655518	
123	4	0.1501600332	
123	4	0.1697992559	
123	4	0.0736977832	
123	4	0.2601025979	
123	4	0.2766554665	
123	4	NaN	
123	4	0.2271897096	
123	4	NaN	
123	4	0.2028072973	
123	4	0.2611020754	
123	4	0.1736862284	
123	4	0.1907589240	
123	4	0.1365625578	
123	4	0.0375108444	
123	4	NaN	
123	4	0.1498187977	
123	4	0.2127677248	
124	2	0.0189355698	
124	2	0.0905337570	
124	2	0.1255287141	
124	2	NaN	
124	2	NaN	
124	2	NaN	
124	2	0.0344246401	
124	2	NaN	
124	2	0.0397455437	
124	2	NaN	
124	2	0.1136854922	
124	2	0.1055642693	
124	2	0.0753870498	
124	2	0.0953110571	
124	2	0.0426985517	
124	2	0.1334836879	
124	2	0.1488421566	
124	2	NaN	
124	2	0.1533567936	
124	2	NaN	
124	2	0.1117993264	
124	2	0.1527044128	
124	2	0.0756037284	
124	2	0.1083705885	
124	2	0.0673468072	
124	2	0.0157727471	
124	2	NaN	
124	2	0.0654996426	
124	2	0.0877542082	
124	3	0.0195356514	
124	3	0.0760092469	
124	3	0.0813844119	
124	3	0.0265318720	
124	3	0.1024160890	
124	3	0.0501565534	
124	3	0.0296360038	
124	3	0.0252471503	
124	3	0.0387599804	
124	3	0.0617408301	
124	3	0.0941408105	
124	3	0.0754580756	
124	3	0.0735882947	
124	3	0.0914743020	
124	3	0.0327613293	
124	3	0.1169864427	
124	3	0.1050538872	
124	3	0.0719403518	
124	3	0.0775889081	
124	3	0.0809864452	
124	3	0.1009265988	
124	3	0.1107433717	
124	3	0.0928811867	
124	3	0.0861161796	
124	3	0.0657821597	
124	3	0.0223218888	
124	3	0.1032228211	
124	3	0.0770385251	
124	3	0.1425510362	
124	4	0.0384712212	
124	4	0.1665430038	
124	4	0.2069131260	
124	4	NaN	
124	4	NaN	
124	4	NaN	
124	4	0.0640606438	
124	4	NaN	
124	4	0.0785055241	
124	4	NaN	
124	4	0.2078263027	
124	4	0.1810223449	
124	4	0.1489753445	
124	4	0.1867853591	
124	4	0.0754598810	
124	4	0.2504701306	
124	4	0.2538960438	
124	4	NaN	
124	4	0.2309457017	
124	4	NaN	
124	4	0.2127259252	
124	4	0.2634477845	
124	4	0.1684849151	
124	4	0.1944867681	
124	4	0.1331289669	
124	4	0.0380946359	
124	4	NaN	
124	4	0.1425381677	
124	4	0.2303052444	
125	2	0.0195110143	
125	2	0.0892279982	
125	2	0.1324326399	
125	2	NaN	
125	2	NaN	
125	2	NaN	
125	2	0.0362797921	
125	2	NaN	
125	2	0.0402660308	
125	2	NaN	
125	2	0.1217199469	
125	2	0.0991514663	
125	2	0.0719804730	
125	2	0.0957182767	
125	2	0.0414909041	
125	2	0.1337008161	
125	2	0.1389318455	
125	2	NaN	
125	2	0.1471760198	
125	2	NaN	
125	2	0.1174091350	
125	2	0.1485191102	
125	2	0.0714989421	
125	2	0.1069035736	
125	2	0.0695042622	
125	2	0.0157134326	
125	2	NaN	
125	2	0.0652422822	
125	2	0.0837242180	
125	3	0.0205616861	
125	3	0.0766442016	
125	3	0.0827855692	
125	3	0.0278100724	
125	3	0.1012658383	
125	3	0.0506328582	
125	3	0.0294612607	
125	3	0.0245668313	
125	3	0.0416488816	
125	3	0.0572203339	
125	3	0.1058835300	
125	3	0.0733015068	
125	3	0.0741645771	
125	3	0.1016117856	
125	3	0.0343538880	
125	3	0.1186040298	
125	3	0.0971395698	
125	3	0.0740525382	
125	3	0.0722291089	
125	3	0.0669835387	
125	3	0.1112394060	
125	3	0.1060902111	
125	3	0.0932457497	
125	3	0.0936080715	
125	3	0.0679720963	
125	3	0.0226263937	
125	3	0.0887953449	
125	3	0.0818639914	
125	3	0.1261048835	
125	4	0.0400727004	
125	4	0.1658721997	
125	4	0.2152182092	
125	4	NaN	
125	4	NaN	
125	4	NaN	
125	4	0.0657410529	
125	4	NaN	
125	4	0.0819149124	
125	4	NaN	
125	4	0.2276034769	
125	4	0.1724529731	
125	4	0.1461450501	
125	4	0.1973300623	
125	4	0.0758447921	
125	4	0.2523048460	
125	4	0.2360714153	
125	4	NaN	
125	4	0.2194051288	
125	4	NaN	
125	4	0.2286485411	
125	4	0.2546093213	
125	4	0.1647446918	
125	4	0.2005116451	
125	4	0.1374763586	
125	4	0.0383398263	
125	4	NaN	
125	4	0.1471062736	
125	4	0.2098291015	
126	2	0.0202621694	
126	2	0.0890063788	
126	2	0.1259873037	
126	2	NaN	
126	2	NaN	
126	2	NaN	
126	2	0.0299052057	
126	2	NaN	
126	2	0.0409898070	
126	2	NaN	
126	2	0.1270253071	
126	2	0.0970932379	
126	2	0.0713926536	
126	2	0.0970317470	
126	2	0.0355669699	
126	2	0.1281207432	
126	2	NaN	
126	2	NaN	
126	2	0.1409966400	
126	2	NaN	
126	2	0.1203631004	
126	2	0.1418208231	
126	2	0.0685698332	
126	2	0.1074502442	
126	2	0.0729175031	
126	2	0.0171202541	
126	2	NaN	
126	2	NaN	
126	2	0.0872237477	
126	3	0.0211695572	
126	3	0.0724580625	
126	3	0.0796809057	
126	3	0.0300864920	
126	3	0.0929399183	
126	3	0.0534001116	
126	3	0.0339466022	
126	3	0.0238948541	
126	3	0.0453278612	
126	3	0.0901648412	
126	3	0.1126448605	
126	3	0.0783083509	
126	3	0.0788634570	
126	3	0.1074354965	
126	3	0.0363643414	
126	3	0.1230321971	
126	3	0.0854315682	
126	3	0.0668689299	
126	3	0.0663326780	
126	3	0.0695958312	
126	3	0.0983163672	
126	3	0.1079419297	
126	3	0.1003564897	
126	3	0.0933598153	
126	3	0.0690349079	
126	3	0.0231351152	
126	3	0.0765302058	
126	3	0.0785519881	
126	3	0.1363109921	
126	4	0.0414317266	
126	4	0.1614644412	
126	4	0.2056682094	
126	4	NaN	
126	4	NaN	
126	4	NaN	
126	4	0.0638518079	
126	4	NaN	
126	4	0.0863176682	
126	4	NaN	
126	4	0.2396701677	
126	4	0.1754015888	
126	4	0.1502561106	
126	4	0.2044672435	
126	4	0.0719313113	
126	4	0.2511529403	
126	4	NaN	
126	4	NaN	
126	4	0.2073293180	
126	4	NaN	
126	4	0.2186794676	
126	4	0.2497627529	
126	4	0.1689263229	
126	4	0.2008100595	
126	4	0.1419524110	
126	4	0.0402553693	
126	4	NaN	
126	4	NaN	
126	4	0.2235347398	
127	2	0.0201910717	
127	2	0.0945300008	
127	2	0.1205417946	
127	2	NaN	
127	2	NaN	
127	2	NaN	
127	2	0.0329208161	
127	2	NaN	
127	2	0.0409450920	
127	2	NaN	
127	2	0.1207900300	
127	2	0.0994303735	
127	2	0.0695768245	
127	2	0.0923945378	
127	2	0.0353187136	
127	2	0.1079301782	
127	2	NaN	
127	2	NaN	
127	2	NaN	
127	2	NaN	
127	2	0.1250938687	
127	2	0.1397719587	
127	2	0.0674014424	
127	2	0.1001913333	
127	2	0.0716660412	
127	2	0.0171884501	
127	2	NaN	
127	2	NaN	
127	2	0.0780671442	
127	3	0.0223105199	
127	3	0.0868270825	
127	3	0.0922487441	
127	3	0.0322031267	
127	3	0.0927031435	
127	3	0.0558327874	
127	3	0.0333164465	
127	3	0.0253791901	
127	3	0.0465769037	
127	3	0.0682900142	
127	3	0.1128972182	
127	3	0.0744232567	
127	3	0.0739600035	
127	3	0.1095041959	
127	3	0.0356276052	
127	3	0.1412364142	
127	3	0.0760398839	
127	3	0.0699439764	
127	3	0.0713456378	
127	3	0.0785620633	
127	3	0.1131839882	
127	3	0.1071942980	
127	3	0.0923960223	
127	3	0.0808472016	
127	3	0.0712308479	
127	3	0.0246509704	
127	3	0.0856247956	
127	3	0.0718334190	
127	3	0.1289611887	
127	4	0.0425015916	
127	4	0.1813570833	
127	4	0.2127905388	
127	4	NaN	
127	4	NaN	
127	4	NaN	
127	4	0.0662372626	
127	4	NaN	
127	4	0.0875219956	
127	4	NaN	
127	4	0.2336872482	
127	4	0.1738536303	
127	4	0.1435368279	
127	4	0.2018987337	
127	4	0.0709463189	
127	4	0.2491665924	
127	4	NaN	
127	4	NaN	
127	4	NaN	
127	4	NaN	
127	4	0.2382778569	
127	4	0.2469662567	
127	4	0.1597974647	
127	4	0.1810385349	
127	4	0.1428968891	
127	4	0.0418394205	
127	4	NaN	
127	4	NaN	
127	4	0.2070283329	
128	2	0.0220978961	
128	2	0.0931618617	
128	2	0.1201917963	
128	2	NaN	
128	2	NaN	
128	2	NaN	
128	2	0.0313500155	
128	2	NaN	
128	2	0.0425718201	
128	2	NaN	
128	2	0.1180826597	
128	2	0.0920383767	
128	2	0.0643447305	
128	2	0.0861380612	
128	2	0.0344447559	
128	2	0.1132560061	
128	2	NaN	
128	2	NaN	
128	2	NaN	
128	2	NaN	
128	2	0.1182789655	
128	2	0.1360678117	
128	2	0.0736694939	
128	2	0.0944226363	
128	2	0.0729143392	
128	2	0.0174711384	
128	2	NaN	
128	2	0.0645776531	
128	2	0.0740150822	
128	3	0.0239491643	
128	3	0.0873281877	
128	3	0.1057841153	
128	3	0.0355907350	
128	3	0.0736795534	
128	3	0.0533105266	
128	3	0.0341656810	
128	3	0.0252375096	
128	3	0.0466239406	
128	3	0.0657622654	
128	3	0.1014007816	
128	3	0.0776313082	
128	3	0.0744355165	
128	3	0.1068352778	
128	3	0.0383800162	
128	3	0.1468115580	
128	3	0.0904356995	
128	3	0.0635995697	
128	3	0.0705101894	
128	3	0.0664870066	
128	3	0.1161613024	
128	3	0.1031724589	
128	3	0.0908779569	
128	3	0.0741141307	
128	3	0.0714665948	
128	3	0.0241161635	
128	3	0.0955573265	
128	3	0.0753292865	
128	3	0.1296068395	
128	4	0.0460470604	
128	4	0.1804900494	
128	4	0.2259759116	
128	4	NaN	
128	4	NaN	
128	4	NaN	
128	4	0.0655156965	
128	4	NaN	
128	4	0.0891957606	
128	4	NaN	
128	4	0.2194834412	
128	4	0.1696696849	
128	4	0.1387802470	
128	4	0.1929733390	
128	4	0.0728247721	
128	4	0.2600675641	
128	4	NaN	
128	4	NaN	
128	4	NaN	
128	4	NaN	
128	4	0.2344402679	
128	4	0.2392402706	
128	4	0.1645474508	
128	4	0.1685367670	
128	4	0.1443809340	
128	4	0.0415873019	
128	4	NaN	
128	4	0.1399069397	
128	4	0.2036219217	
129	2	0.0237430962	
129	2	0.1002753025	
129	2	0.1180978405	
129	2	NaN	
129	2	NaN	
129	2	NaN	
129	2	0.0314224355	
129	2	NaN	
129	2	0.0431015386	
129	2	NaN	
129	2	0.1200425929	
129	2	0.0902222250	
129	2	0.0644534727	
129	2	0.0825737230	
129	2	0.0334696460	
129	2	0.1076755547	
129	2	0.1515589294	
129	2	NaN	
129	2	NaN	
129	2	NaN	
129	2	0.1158835639	
129	2	0.1419734385	
129	2	0.0769907206	
129	2	0.0955986774	
129	2	0.0823952484	
129	2	0.0176209863	
129	2	NaN	
129	2	0.0671886148	
129	2	NaN	
129	3	0.0248137230	
129	3	0.0917233298	
129	3	0.1081816497	
129	3	0.0385040754	
129	3	0.0733605203	
129	3	0.0589142289	
129	3	0.0355244165	
129	3	0.0252067929	
129	3	0.0448937079	
129	3	0.0682582358	
129	3	0.1034172327	
129	3	0.0663313611	
129	3	0.0702992521	
129	3	0.1134878752	
129	3	0.0413668308	
129	3	0.1330267842	
129	3	0.0988797311	
129	3	0.0634932338	
129	3	0.0720013866	
129	3	0.0728606567	
129	3	0.1224719840	
129	3	0.1103976192	
129	3	0.0863710543	
129	3	0.0740975947	
129	3	0.0685297125	
129	3	0.0255946815	
129	3	0.0749730451	
129	3	0.0741254390	
129	3	0.1357762908	
129	4	0.0485568191	
129	4	0.1919986323	
129	4	0.2262794901	
129	4	NaN	
129	4	NaN	
129	4	NaN	
129	4	0.0669468519	
129	4	NaN	
129	4	0.0879952464	
129	4	NaN	
129	4	0.2234598257	
129	4	0.1565535860	
129	4	0.1347527248	
129	4	0.1960615982	
129	4	0.0748364768	
129	4	0.2407023389	
129	4	0.2504386605	
129	4	NaN	
129	4	NaN	
129	4	NaN	
129	4	0.2383555478	
129	4	0.2523710576	
129	4	0.1633617749	
129	4	0.1696962721	
129	4	0.1509249609	
129	4	0.0432156678	
129	4	NaN	
129	4	0.1413140539	
129	4	NaN	
130	2	0.0244085056	
130	2	0.1032602463	
130	2	0.1132909054	
130	2	NaN	
130	2	0.1003988796	
130	2	NaN	
130	2	0.0291035440	
130	2	NaN	
130	2	0.0458952008	
130	2	NaN	
130	2	0.1166715891	
130	2	0.0973451245	
130	2	0.0651174812	
130	2	0.0729348972	
130	2	0.0329766459	
130	2	0.1074104710	
130	2	0.1609064410	
130	2	NaN	
130	2	0.1386641180	
130	2	NaN	
130	2	0.1078583999	
130	2	0.1310823190	
130	2	0.0787860227	
130	2	0.0926723497	
130	2	0.0863860294	
130	2	0.0175165884	
130	2	NaN	
130	2	0.0732312487	
130	2	NaN	
130	3	0.0278092977	
130	3	0.0958959480	
130	3	0.1195078414	
130	3	0.0413284252	
130	3	0.0742786129	
130	3	0.0634679923	
130	3	0.0361173417	
130	3	0.0263504793	
130	3	0.0452177538	
130	3	0.0848312216	
130	3	0.1073668429	
130	3	0.0661254252	
130	3	0.0730463123	
130	3	0.1027075616	
130	3	0.0418896086	
130	3	0.1350412529	
130	3	0.0939336610	
130	3	0.0652452675	
130	3	0.0742725854	
130	3	0.0686030202	
130	3	0.1093013218	
130	3	0.1073142574	
130	3	0.0815623913	
130	3	0.0707978401	
130	3	0.0661125039	
130	3	0.0265976360	
130	3	0.0884067182	
130	3	0.0825428167	
130	3	0.1366752123	
130	4	0.0522178033	
130	4	0.1991561943	
130	4	0.2327987468	
130	4	NaN	
130	4	0.1746774925	
130	4	NaN	
130	4	0.0652208856	
130	4	NaN	
130	4	0.0911129546	
130	4	NaN	
130	4	0.2240384320	
130	4	0.1634705497	
130	4	0.1381637935	
130	4	0.1756424588	
130	4	0.0748662545	
130	4	0.2424517240	
130	4	0.2548401020	
130	4	NaN	
130	4	0.2129367034	
130	4	NaN	
130	4	0.2171597217	
130	4	0.2383965763	
130	4	0.1603484140	
130	4	0.1634701897	
130	4	0.1524985333	
130	4	0.0441142243	
130	4	NaN	
130	4	0.1557740654	
130	4	NaN	
131	2	0.0255250324	
131	2	0.1006595034	
131	2	0.1096153359	
131	2	NaN	
131	2	0.0990646697	
131	2	NaN	
131	2	0.0292340952	
131	2	NaN	
131	2	0.0477837094	
131	2	NaN	
131	2	0.1284263663	
131	2	0.1317693124	
131	2	0.0670818854	
131	2	0.0687481316	
131	2	0.0322469045	
131	2	0.1096399680	
131	2	NaN	
131	2	NaN	
131	2	0.0803072384	
131	2	NaN	
131	2	0.1101998679	
131	2	0.1291196563	
131	2	0.0757251197	
131	2	0.0954578920	
131	2	0.0903385422	
131	2	0.0174998727	
131	2	NaN	
131	2	0.0761132147	
131	2	0.0875338777	
131	3	0.0301530937	
131	3	0.0945431691	
131	3	0.1126551482	
131	3	0.0471957041	
131	3	0.0737572857	
131	3	0.0623044364	
131	3	0.0352081209	
131	3	0.0285326722	
131	3	0.0447145220	
131	3	0.0739012106	
131	3	0.1078723595	
131	3	0.0857041557	
131	3	0.0718727763	
131	3	0.0984685713	
131	3	0.0396197174	
131	3	0.1339347586	
131	3	0.0843108116	
131	3	0.0684080569	
131	3	0.0718914775	
131	3	0.0645386544	
131	3	0.1150696192	
131	3	0.1118035501	
131	3	0.0845776732	
131	3	0.0728240560	
131	3	0.0623402626	
131	3	0.0273793054	
131	3	0.0767401167	
131	3	0.0826661768	
131	3	0.1381003051	
131	4	0.0556781260	
131	4	0.1952026725	
131	4	0.2222704841	
131	4	NaN	
131	4	0.1728219554	
131	4	NaN	
131	4	0.0644422161	
131	4	NaN	
131	4	0.0924982314	
131	4	NaN	
131	4	0.2362987258	
131	4	0.2174734681	
131	4	0.1389546616	
131	4	0.1672167029	
131	4	0.0718666218	
131	4	0.2435747267	
131	4	NaN	
131	4	NaN	
131	4	0.1521987159	
131	4	NaN	
131	4	0.2252694870	
131	4	0.2409232064	
131	4	0.1603027929	
131	4	0.1682819479	
131	4	0.1526788048	
131	4	0.0448791781	
131	4	NaN	
131	4	0.1587793915	
131	4	0.2256341828	
132	2	0.0264523744	
132	2	0.0887529695	
132	2	0.1115604538	
132	2	NaN	
132	2	0.1285646112	
132	2	NaN	
132	2	0.0307831885	
132	2	NaN	
132	2	0.0492491123	
132	2	NaN	
132	2	0.1252771264	
132	2	0.1020236211	
132	2	0.0679576705	
132	2	0.0734462042	
132	2	0.0308133018	
132	2	0.1085097098	
132	2	NaN	
132	2	NaN	
132	2	0.0769894959	
132	2	NaN	
132	2	0.1090508528	
132	2	0.1257438488	
132	2	0.0824621072	
132	2	0.0980394342	
132	2	0.0826934555	
132	2	0.0175990181	
132	2	NaN	
132	2	0.0778877972	
132	2	0.0982447496	
132	3	0.0329459761	
132	3	0.1013590384	
132	3	0.1077682638	
132	3	0.0569477746	
132	3	0.0652406218	
132	3	0.0652629958	
132	3	0.0384308840	
132	3	0.0284226309	
132	3	0.0459476591	
132	3	0.0589650844	
132	3	0.1048239268	
132	3	0.0809933933	
132	3	0.0747089951	
132	3	0.1084459033	
132	3	0.0384166099	
132	3	0.1431518506	
132	3	0.0782987050	
132	3	0.0730952125	
132	3	0.0758634508	
132	3	0.0676682014	
132	3	0.1202615641	
132	3	0.1153186383	
132	3	0.0833203368	
132	3	0.0846432695	
132	3	0.0722769139	
132	3	0.0272550707	
132	3	0.0869498688	
132	3	0.0814764888	
132	3	0.1302469190	
132	4	0.0593983505	
132	4	0.1901120079	
132	4	0.2193287175	
132	4	NaN	
132	4	0.1938052330	
132	4	NaN	
132	4	0.0692140725	
132	4	NaN	
132	4	0.0951967714	
132	4	NaN	
132	4	0.2301010532	
132	4	0.1830170144	
132	4	0.1426666656	
132	4	0.1818921076	
132	4	0.0692299117	
132	4	0.2516615604	
132	4	NaN	
132	4	NaN	
132	4	0.1528529467	
132	4	NaN	
132	4	0.2293124169	
132	4	0.2410624871	
132	4	0.1657824440	
132	4	0.1826827037	
132	4	0.1549703694	
132	4	0.0448540887	
132	4	NaN	
132	4	0.1593642861	
132	4	0.2284916686	
133	2	0.0258386097	
133	2	0.0989163876	
133	2	0.1110582436	
133	2	NaN	
133	2	0.1282924265	
133	2	NaN	
133	2	0.0405728477	
133	2	NaN	
133	2	0.0512490173	
133	2	NaN	
133	2	0.1317275270	
133	2	0.0928766997	
133	2	0.0702221702	
133	2	NaN	
133	2	0.0314043101	
133	2	0.1006037459	
133	2	NaN	
133	2	NaN	
133	2	NaN	
133	2	NaN	
133	2	0.1078507853	
133	2	0.1278515768	
133	2	0.0560912670	
133	2	0.0996592237	
133	2	0.0869539454	
133	2	0.0206865548	
133	2	0.0623532951	
133	2	NaN	
133	2	0.1022550969	
133	3	0.0346882878	
133	3	0.1006392359	
133	3	0.1121171485	
133	3	0.0527626218	
133	3	0.0633082490	
133	3	0.0699986667	
133	3	0.0368270946	
133	3	0.0288517899	
133	3	0.0483099000	
133	3	0.0733887779	
133	3	0.1217914671	
133	3	0.0716650511	
133	3	0.0715752568	
133	3	0.1107561027	
133	3	0.0378852509	
133	3	0.1548377013	
133	3	0.0691852715	
133	3	0.0669052608	
133	3	0.0770651355	
133	3	0.0640824525	
133	3	0.1196695107	
133	3	0.1124827361	
133	3	0.0837780156	
133	3	0.0834254997	
133	3	0.0714182959	
133	3	0.0298957476	
133	3	0.0918647966	
133	3	0.0913261576	
133	3	0.1320871019	
133	4	0.0605268976	
133	4	0.1995556235	
133	4	0.2231753921	
133	4	NaN	
133	4	0.1916006754	
133	4	NaN	
133	4	0.0773999423	
133	4	NaN	
133	4	0.0995589173	
133	4	NaN	
133	4	0.2535189941	
133	4	0.1645417508	
133	4	0.1417974270	
133	4	NaN	
133	4	0.0692895610	
133	4	0.2554414471	
133	4	NaN	
133	4	NaN	
133	4	NaN	
133	4	NaN	
133	4	0.2275202960	
133	4	0.2403343130	
133	4	0.1398692826	
133	4	0.1830847235	
133	4	0.1583722413	
133	4	0.0505823025	
133	4	0.1542180917	
133	4	NaN	
133	4	0.2343421987	
134	2	0.0275702081	
134	2	0.1014097775	
134	2	0.1079660311	
134	2	NaN	
134	2	NaN	
134	2	NaN	
134	2	0.0378146929	
134	2	NaN	
134	2	0.0507327116	
134	2	NaN	
134	2	0.1387184698	
134	2	0.0869641779	
134	2	0.0727081713	
134	2	NaN	
134	2	0.0280788732	
134	2	0.1002201658	
134	2	NaN	
134	2	NaN	
134	2	NaN	
134	2	NaN	
134	2	0.1141600808	
134	2	0.1258661718	
134	2	0.0655305730	
134	2	0.0974143097	
134	2	0.0843855170	
134	2	NaN	
134	2	0.0640955105	
134	2	NaN	
134	2	0.1065314441	
134	3	0.0368688820	
134	3	0.1098559751	
134	3	0.1003459125	
134	3	0.0550182311	
134	3	0.0671650167	
134	3	0.0721242769	
134	3	0.0344134057	
134	3	0.0305673291	
134	3	0.0509940511	
134	3	0.0999634995	
134	3	0.1361036913	
134	3	0.0714789095	
134	3	0.0769637075	
134	3	0.1096317065	
134	3	0.0366413217	
134	3	0.1591746383	
134	3	0.0827433503	
134	3	0.0605308226	
134	3	0.0717476230	
134	3	0.0763313741	
134	3	0.1223403222	
134	3	0.1085235738	
134	3	0.0862130706	
134	3	0.0805891818	
134	3	0.0786621421	
134	3	0.0328623001	
134	3	0.0840022944	
134	3	0.0990178648	
134	3	0.1315417581	
134	4	0.0644390902	
134	4	0.2112657526	
134	4	0.2083119436	
134	4	NaN	
134	4	NaN	
134	4	NaN	
134	4	0.0722280986	
134	4	NaN	
134	4	0.1017267626	
134	4	NaN	
134	4	0.2748221611	
134	4	0.1584430874	
134	4	0.1496718788	
134	4	NaN	
134	4	0.0647201949	
134	4	0.2593948041	
134	4	NaN	
134	4	NaN	
134	4	NaN	
134	4	NaN	
134	4	0.2365004031	
134	4	0.2343897456	
134	4	0.1517436436	
134	4	0.1780034915	
134	4	0.1630476591	
134	4	NaN	
134	4	0.1480978049	
134	4	NaN	
134	4	0.2380732021	
135	2	0.0303801024	
135	2	0.0891155811	
135	2	NaN	
135	2	NaN	
135	2	NaN	
135	2	NaN	
135	2	0.0410482782	
135	2	NaN	
135	2	0.0519364823	
135	2	NaN	
135	2	0.1213865280	
135	2	0.0922968463	
135	2	0.0729948639	
135	2	NaN	
135	2	0.0254517363	
135	2	0.0984825283	
135	2	NaN	
135	2	NaN	
135	2	NaN	
135	2	NaN	
135	2	0.1232399417	
135	2	0.1158756584	
135	2	0.0729346043	
135	2	0.1024308678	
135	2	0.0886457252	
135	2	NaN	
135	2	0.0610865238	
135	2	NaN	
135	2	0.1096944374	
135	3	0.0380720399	
135	3	0.1180974161	
135	3	0.1010258834	
135	3	0.0516985543	
135	3	0.0562471705	
135	3	0.0760152489	
135	3	0.0367896586	
135	3	0.0314812912	
135	3	0.0482883200	
135	3	0.0885402903	
135	3	0.1330632786	
135	3	0.0745208922	
135	3	0.0774700775	
135	3	0.1208122590	
135	3	0.0360590728	
135	3	0.1461955688	
135	3	0.1159071964	
135	3	0.0677454815	
135	3	0.0675998342	
135	3	0.0659978652	
135	3	0.1259456116	
135	3	0.0924890441	
135	3	0.0903612953	
135	3	0.0807434326	
135	3	0.0856284579	
135	3	0.0367225637	
135	3	0.0823296792	
135	3	0.1190466189	
135	3	0.1354560108	
135	4	0.0684521423	
135	4	0.2072129971	
135	4	NaN	
135	4	NaN	
135	4	NaN	
135	4	NaN	
135	4	0.0778379368	
135	4	NaN	
135	4	0.1002248023	
135	4	NaN	
135	4	0.2544498065	
135	4	0.1668177385	
135	4	0.1504649414	
135	4	NaN	
135	4	0.0615108091	
135	4	0.2446780971	
135	4	NaN	
135	4	NaN	
135	4	NaN	
135	4	NaN	
135	4	0.2491855533	
135	4	0.2083647025	
135	4	0.1632958995	
135	4	0.1831743004	
135	4	0.1742741831	
135	4	NaN	
135	4	0.1434162030	
135	4	NaN	
135	4	0.2451504482	
136	2	0.0343921722	
136	2	0.0752462313	
136	2	NaN	
136	2	NaN	
136	2	NaN	
136	2	NaN	
136	2	0.0454321039	
136	2	NaN	
136	2	0.0518343780	
136	2	NaN	
136	2	0.1192356635	
136	2	0.0988696925	
136	2	0.0759977797	
136	2	NaN	
136	2	0.0245020464	
136	2	0.0980326185	
136	2	NaN	
136	2	NaN	
136	2	NaN	
136	2	NaN	
136	2	0.1257224550	
136	2	NaN	
136	2	0.0689125149	
136	2	0.1171912153	
136	2	0.0894809664	
136	2	NaN	
136	2	0.0518208884	
136	2	NaN	
136	2	0.1109573145	
136	3	0.0405985617	
136	3	0.1244523185	
136	3	0.0972713956	
136	3	0.0535945063	
136	3	0.0664801729	
136	3	0.0697099588	
136	3	0.0433012500	
136	3	0.0317392225	
136	3	0.0460633368	
136	3	0.0791164095	
136	3	0.1423991755	
136	3	0.0812220944	
136	3	0.0800392255	
136	3	0.1312796262	
136	3	0.0340796378	
136	3	0.1441622087	
136	3	0.1140292188	
136	3	0.0672020990	
136	3	0.0673426002	
136	3	0.0647138186	
136	3	0.1351933206	
136	3	0.0875163858	
136	3	0.1035161355	
136	3	0.0815849561	
136	3	0.0856923856	
136	3	0.0372078888	
136	3	0.0756612913	
136	3	0.1197949114	
136	3	0.1543405180	
136	4	0.0749907339	
136	4	0.1996985498	
136	4	NaN	
136	4	NaN	
136	4	NaN	
136	4	NaN	
136	4	0.0887333540	
136	4	NaN	
136	4	0.0978977149	
136	4	NaN	
136	4	0.2616348391	
136	4	0.1800917869	
136	4	0.1560370053	
136	4	NaN	
136	4	0.0585816841	
136	4	0.2421948272	
136	4	NaN	
136	4	NaN	
136	4	NaN	
136	4	NaN	
136	4	0.2609157755	
136	4	NaN	
136	4	0.1724286504	
136	4	0.1987761714	
136	4	0.1751733520	
136	4	NaN	
136	4	0.1274821797	
136	4	NaN	
136	4	0.2652978325	
137	2	0.0363055782	
137	2	0.0796942201	
137	2	0.1543238497	
137	2	NaN	
137	2	NaN	
137	2	NaN	
137	2	0.0493063290	
137	2	0.0287192714	
137	2	0.0545259998	
137	2	NaN	
137	2	0.1055653692	
137	2	0.1026473790	
137	2	0.0754922218	
137	2	NaN	
137	2	0.0240577493	
137	2	0.0982273922	
137	2	NaN	
137	2	NaN	
137	2	NaN	
137	2	0.0576941009	
137	2	NaN	
137	2	NaN	
137	2	0.1265697170	
137	2	0.1224538219	
137	2	0.0830376913	
137	2	NaN	
137	2	NaN	
137	2	NaN	
137	2	0.1106547025	
137	3	0.0416674825	
137	3	0.1257241456	
137	3	0.0954305460	
137	3	0.0588393891	
137	3	0.0770362444	
137	3	0.0692394861	
137	3	0.0422773169	
137	3	0.0373806536	
137	3	0.0480113518	
137	3	0.0937584202	
137	3	0.1413260488	
137	3	0.0799439698	
137	3	0.0852674033	
137	3	0.1350100991	
137	3	0.0326211555	
137	3	0.1387536775	
137	3	0.1173166630	
137	3	0.0711156094	
137	3	0.0793258865	
137	3	0.0655052930	
137	3	0.1453888328	
137	3	0.1012815141	
137	3	0.0915691057	
137	3	0.0854442795	
137	3	0.0857844244	
137	3	0.0356422504	
137	3	0.0650843565	
137	3	0.1199598954	
137	3	0.1544876658	
137	4	0.0779730607	
137	4	0.2054183657	
137	4	0.2497543957	
137	4	NaN	
137	4	NaN	
137	4	NaN	
137	4	0.0915836459	
137	4	0.0660999250	
137	4	0.1025373516	
137	4	NaN	
137	4	0.2468914179	
137	4	0.1825913489	
137	4	0.1607596251	
137	4	NaN	
137	4	0.0566789048	
137	4	0.2369810697	
137	4	NaN	
137	4	NaN	
137	4	NaN	
137	4	0.1231993938	
137	4	NaN	
137	4	NaN	
137	4	0.2181388227	
137	4	0.2078981015	
137	4	0.1688221157	
137	4	NaN	
137	4	NaN	
137	4	NaN	
137	4	0.2651423682	
138	2	0.0381677539	
138	2	0.0798340003	
138	2	NaN	
138	2	NaN	
138	2	NaN	
138	2	NaN	
138	2	0.0520607870	
138	2	0.0294597961	
138	2	0.0568137008	
138	2	NaN	
138	2	0.1104956649	
138	2	0.0986748117	
138	2	0.0753215327	
138	2	NaN	
138	2	0.0232664500	
138	2	NaN	
138	2	NaN	
138	2	NaN	
138	2	NaN	
138	2	0.0636138955	
138	2	NaN	
138	2	NaN	
138	2	0.1277005832	
138	2	0.1270856434	
138	2	0.0897560464	
138	2	NaN	
138	2	NaN	
138	2	NaN	
138	2	0.1118098560	
138	3	0.0437575093	
138	3	0.1195242545	
138	3	0.0969333917	
138	3	0.0575895203	
138	3	0.0764538390	
138	3	0.0634346955	
138	3	0.0437002714	
138	3	0.0344684939	
138	3	0.0574958998	
138	3	0.0862640510	
138	3	0.1348746461	
138	3	0.0749190056	
138	3	0.0820667929	
138	3	0.1465487203	
138	3	0.0341596068	
138	3	0.1398381551	
138	3	0.1072201887	
138	3	0.0805898853	
138	3	0.0771607853	
138	3	0.0655441194	
138	3	0.1590120997	
138	3	0.0948388135	
138	3	0.1073542010	
138	3	0.0827267986	
138	3	0.0936245993	
138	3	0.0374800952	
138	3	0.0648517823	
138	3	0.1261855912	
138	3	0.1562180244	
138	4	0.0819252632	
138	4	0.1993582548	
138	4	NaN	
138	4	NaN	
138	4	NaN	
138	4	NaN	
138	4	0.0957610584	
138	4	0.0639282899	
138	4	0.1143096006	
138	4	NaN	
138	4	0.2453703109	
138	4	0.1735938173	
138	4	0.1573883255	
138	4	NaN	
138	4	0.0574260568	
138	4	NaN	
138	4	NaN	
138	4	NaN	
138	4	NaN	
138	4	0.1291580149	
138	4	NaN	
138	4	NaN	
138	4	0.2350547842	
138	4	0.2098124421	
138	4	0.1833806456	
138	4	NaN	
138	4	NaN	
138	4	NaN	
138	4	0.2680278803	
139	2	0.0387105078	
139	2	0.0818727885	
139	2	0.1835326488	
139	2	NaN	
139	2	NaN	
139	2	NaN	
139	2	0.0444578146	
139	2	NaN	
139	2	0.0579243966	
139	2	NaN	
139	2	0.0787725757	
139	2	0.0924313952	
139	2	0.0793680042	
139	2	NaN	
139	2	0.0223936924	
139	2	0.0894642846	
139	2	NaN	
139	2	NaN	
139	2	NaN	
139	2	0.0660241987	
139	2	NaN	
139	2	NaN	
139	2	0.1271955607	
139	2	0.1278742772	
139	2	0.0944042247	
139	2	NaN	
139	2	NaN	
139	2	NaN	
139	2	0.1050901923	
139	3	0.0503836151	
139	3	0.1227951770	
139	3	0.0972883143	
139	3	0.0601776407	
139	3	0.0726322201	
139	3	0.0660667315	
139	3	0.0441459984	
139	3	0.0339754444	
139	3	0.0623679465	
139	3	0.0902014213	
139	3	0.1264029021	
139	3	0.0737833077	
139	3	0.0782470030	
139	3	0.1436197261	
139	3	0.0350852765	
139	3	0.1490179127	
139	3	0.0863680091	
139	3	0.0744295294	
139	3	0.0657271272	
139	3	0.0702986368	
139	3	0.1778352574	
139	3	0.1105837407	
139	3	0.1193925678	
139	3	0.0814350917	
139	3	0.0841898146	
139	3	0.0373002120	
139	3	0.0597549732	
139	3	0.1332993941	
139	3	0.1413431477	
139	4	0.0890941229	
139	4	0.2046679655	
139	4	0.2808209631	
139	4	NaN	
139	4	NaN	
139	4	NaN	
139	4	0.0886038129	
139	4	NaN	
139	4	0.1202923431	
139	4	NaN	
139	4	0.2051754777	
139	4	0.1662147029	
139	4	0.1576150072	
139	4	NaN	
139	4	0.0574789689	
139	4	0.2384821973	
139	4	NaN	
139	4	NaN	
139	4	NaN	
139	4	0.1363228355	
139	4	NaN	
139	4	NaN	
139	4	0.2465881285	
139	4	0.2093093689	
139	4	0.1785940393	
139	4	NaN	
139	4	NaN	
139	4	NaN	
139	4	0.2464333401	
140	2	0.0369395759	
140	2	NaN	
140	2	0.1265212514	
140	2	NaN	
140	2	NaN	
140	2	NaN	
140	2	0.0422645988	
140	2	NaN	
140	2	0.0544864157	
140	2	NaN	
140	2	0.0759221444	
140	2	0.0973116327	
140	2	0.0773241202	
140	2	NaN	
140	2	0.0212438152	
140	2	NaN	
140	2	NaN	
140	2	NaN	
140	2	NaN	
140	2	0.0657722600	
140	2	NaN	
140	2	NaN	
140	2	0.1254537631	
140	2	0.1302739060	
140	2	0.1057943048	
140	2	NaN	
140	2	NaN	
140	2	NaN	
140	2	0.3106307914	
140	3	0.0587870720	
140	3	0.1248272336	
140	3	0.1077260204	
140	3	0.0553983251	
140	3	0.0662699844	
140	3	0.0724613784	
140	3	0.0492572679	
140	3	0.0331331886	
140	3	0.0635257327	
140	3	0.0738902254	
140	3	0.1177463437	
140	3	0.0705303024	
140	3	0.0695181505	
140	3	0.1487491452	
140	3	0.0325615951	
140	3	0.1536231522	
140	3	0.0837528020	
140	3	0.0718921755	
140	3	0.0693930745	
140	3	0.0768992260	
140	3	0.1759090354	
140	3	0.1175879043	
140	3	0.1272200054	
140	3	0.0842058678	
140	3	0.0960898017	
140	3	0.0384034774	
140	3	0.0589176703	
140	3	0.1432951598	
140	3	0.1622231085	
140	4	0.0957266479	
140	4	NaN	
140	4	0.2342472718	
140	4	NaN	
140	4	NaN	
140	4	NaN	
140	4	0.0915218667	
140	4	NaN	
140	4	0.1180121485	
140	4	NaN	
140	4	0.1936684881	
140	4	0.1678419351	
140	4	0.1468422707	
140	4	NaN	
140	4	0.0538054103	
140	4	NaN	
140	4	NaN	
140	4	NaN	
140	4	NaN	
140	4	0.1426714860	
140	4	NaN	
140	4	NaN	
140	4	0.2526737685	
140	4	0.2144797739	
140	4	0.2018841066	
140	4	NaN	
140	4	NaN	
140	4	NaN	
140	4	0.4728538999	
141	2	0.0401802418	
141	2	NaN	
141	2	0.3911461320	
141	2	NaN	
141	2	NaN	
141	2	0.0639142450	
141	2	0.0421460943	
141	2	NaN	
141	2	0.1651639336	
141	2	NaN	
141	2	0.0770198668	
141	2	0.1027439107	
141	2	0.0873893731	
141	2	NaN	
141	2	0.0210094644	
141	2	NaN	
141	2	NaN	
141	2	0.0965011413	
141	2	NaN	
141	2	0.0668510698	
141	2	NaN	
141	2	NaN	
141	2	0.0897655665	
141	2	0.1245482738	
141	2	0.1032955065	
141	2	NaN	
141	2	NaN	
141	2	NaN	
141	2	0.3872968721	
141	3	0.0642584012	
141	3	0.1255774427	
141	3	0.1009629555	
141	3	0.0551231505	
141	3	0.0687880896	
141	3	0.0768818897	
141	3	0.0430768056	
141	3	0.0321856560	
141	3	0.0632851044	
141	3	0.0916336943	
141	3	0.1101055223	
141	3	0.0639904854	
141	3	0.0728030936	
141	3	0.1693032523	
141	3	0.0327396279	
141	3	0.1488139395	
141	3	0.0844136573	
141	3	0.0858158833	
141	3	0.0664177587	
141	3	0.0723309270	
141	3	0.1661378247	
141	3	0.1097119967	
141	3	0.1119312089	
141	3	0.1035167262	
141	3	0.0958501829	
141	3	0.0382957045	
141	3	0.0738054141	
141	3	0.1367344293	
141	3	0.1652302871	
141	4	0.1044386429	
141	4	NaN	
141	4	0.4921090874	
141	4	NaN	
141	4	NaN	
141	4	0.1407961346	
141	4	0.0852229000	
141	4	NaN	
141	4	0.2284490380	
141	4	NaN	
141	4	0.1871253891	
141	4	0.1667343961	
141	4	0.1601924667	
141	4	NaN	
141	4	0.0537490923	
141	4	NaN	
141	4	NaN	
141	4	0.1823170246	
141	4	NaN	
141	4	0.1391819968	
141	4	NaN	
141	4	NaN	
141	4	0.2016967754	
141	4	0.2280650000	
141	4	0.1991456894	
141	4	NaN	
141	4	NaN	
141	4	NaN	
141	4	0.5525271593	
142	2	NaN	
142	2	NaN	
142	2	0.2201601483	
142	2	NaN	
142	2	NaN	
142	2	NaN	
142	2	0.0462296861	
142	2	0.0311622801	
142	2	NaN	
142	2	NaN	
142	2	0.1984514278	
142	2	0.1225765920	
142	2	0.0917614208	
142	2	NaN	
142	2	0.0207456028	
142	2	NaN	
142	2	NaN	
142	2	0.0990303240	
142	2	NaN	
142	2	NaN	
142	2	NaN	
142	2	NaN	
142	2	NaN	
142	2	0.1250881709	
142	2	NaN	
142	2	NaN	
142	2	0.0545569476	
142	2	NaN	
142	2	0.2550383845	
142	3	0.0673357244	
142	3	0.1327671036	
142	3	0.1024496581	
142	3	0.0610880113	
142	3	0.0660686951	
142	3	0.0801479707	
142	3	0.0400383184	
142	3	0.0357290701	
142	3	0.0663692145	
142	3	0.0994977361	
142	3	0.1139821713	
142	3	0.0818516754	
142	3	0.0821083174	
142	3	0.2753609728	
142	3	0.0347441025	
142	3	0.1595789541	
142	3	0.0947985990	
142	3	0.0878657196	
142	3	0.0711738451	
142	3	0.0787904556	
142	3	0.1584148718	
142	3	0.0931726109	
142	3	0.1056207090	
142	3	0.1143189835	
142	3	0.0991447177	
142	3	0.0383520539	
142	3	0.0679124504	
142	3	0.1444735147	
142	3	0.1325346636	
142	4	NaN	
142	4	NaN	
142	4	0.3226098064	
142	4	NaN	
142	4	NaN	
142	4	NaN	
142	4	0.0862680045	
142	4	0.0668913501	
142	4	NaN	
142	4	NaN	
142	4	0.3124335991	
142	4	0.2044282674	
142	4	0.1738697382	
142	4	NaN	
142	4	0.0554897053	
142	4	NaN	
142	4	NaN	
142	4	0.1868960436	
142	4	NaN	
142	4	NaN	
142	4	NaN	
142	4	NaN	
142	4	NaN	
142	4	0.2394071545	
142	4	NaN	
142	4	NaN	
142	4	0.1224693980	
142	4	NaN	
142	4	0.3875730481	
143	2	0.0446314141	
143	2	NaN	
143	2	0.1867831053	
143	2	NaN	
143	2	NaN	
143	2	NaN	
143	2	0.0510623296	
143	2	0.0340813209	
143	2	NaN	
143	2	NaN	
143	2	0.2012313878	
143	2	0.1284096411	
143	2	0.0879157309	
143	2	NaN	
143	2	0.0203268357	
143	2	NaN	
143	2	0.2528172693	
143	2	0.0909741164	
143	2	NaN	
143	2	NaN	
143	2	NaN	
143	2	NaN	
143	2	NaN	
143	2	NaN	
143	2	NaN	
143	2	NaN	
143	2	0.0446979388	
143	2	NaN	
143	2	0.2834104191	
143	3	0.0773527773	
143	3	0.1294748534	
143	3	0.1169494686	
143	3	0.0719857588	
143	3	0.0663996737	
143	3	0.0769159077	
143	3	0.0420338583	
143	3	0.0383257603	
143	3	0.0693696994	
143	3	0.0799694140	
143	3	0.0978862664	
143	3	0.0772420407	
143	3	0.0801810647	
143	3	NaN	
143	3	0.0362069363	
143	3	0.1705842765	
143	3	0.0838728867	
143	3	0.0841583918	
143	3	0.0737555595	
143	3	0.0877662156	
143	3	0.1588881247	
143	3	0.0804767454	
143	3	0.1163956518	
143	3	0.1072235876	
143	3	0.1046905198	
143	3	0.0408189155	
143	3	0.0626542646	
143	3	0.1417134580	
143	3	0.1071419585	
143	4	0.1219841913	
143	4	NaN	
143	4	0.3037325738	
143	4	NaN	
143	4	NaN	
143	4	NaN	
143	4	0.0930961879	
143	4	0.0724070812	
143	4	NaN	
143	4	NaN	
143	4	0.2991176543	
143	4	0.2056516818	
143	4	0.1680967956	
143	4	NaN	
143	4	0.0565337720	
143	4	NaN	
143	4	0.3366901560	
143	4	0.1751325082	
143	4	NaN	
143	4	NaN	
143	4	NaN	
143	4	NaN	
143	4	NaN	
143	4	NaN	
143	4	NaN	
143	4	NaN	
143	4	0.1073522035	
143	4	NaN	
143	4	0.3905523776	
144	2	0.0504472801	
144	2	NaN	
144	2	NaN	
144	2	NaN	
144	2	NaN	
144	2	NaN	
144	2	0.1112982058	
144	2	NaN	
144	2	NaN	
144	2	NaN	
144	2	0.1712384543	
144	2	NaN	
144	2	NaN	
144	2	NaN	
144	2	0.0200226661	
144	2	NaN	
144	2	NaN	
144	2	NaN	
144	2	NaN	
144	2	NaN	
144	2	NaN	
144	2	NaN	
144	2	NaN	
144	2	NaN	
144	2	NaN	
144	2	NaN	
144	2	NaN	
144	2	0.0725731096	
144	2	NaN	
144	3	0.0745122096	
144	3	0.1469743728	
144	3	0.1178472199	
144	3	0.0920778093	
144	3	0.0615729842	
144	3	0.0770543067	
144	3	0.0415922705	
144	3	0.0398519170	
144	3	0.0770691447	
144	3	0.0730022159	
144	3	0.1064573905	
144	3	0.0638539638	
144	3	0.0652473120	
144	3	0.0349194667	
144	3	0.0384965258	
144	3	0.1698192044	
144	3	0.0862091241	
144	3	0.0987617192	
144	3	0.0644252180	
144	3	0.0797591435	
144	3	0.1640373510	
144	3	0.0925523901	
144	3	0.1140417354	
144	3	0.1090156532	
144	3	0.0936134588	
144	3	0.0415516999	
144	3	0.0610234063	
144	3	0.1251944377	
144	3	0.1107800499	
144	4	0.1249594897	
144	4	NaN	
144	4	NaN	
144	4	NaN	
144	4	NaN	
144	4	NaN	
144	4	0.1528904763	
144	4	NaN	
144	4	NaN	
144	4	NaN	
144	4	0.2776958448	
144	4	NaN	
144	4	NaN	
144	4	NaN	
144	4	0.0585191919	
144	4	NaN	
144	4	NaN	
144	4	NaN	
144	4	NaN	
144	4	NaN	
144	4	NaN	
144	4	NaN	
144	4	NaN	
144	4	NaN	
144	4	NaN	
144	4	NaN	
144	4	NaN	
144	4	0.1977675473	
144	4	NaN	
145	2	0.0595467543	
145	2	NaN	
145	2	NaN	
145	2	NaN	
145	2	NaN	
145	2	0.0656900531	
145	2	0.1438290669	
145	2	NaN	
145	2	NaN	
145	2	NaN	
145	2	0.1781660705	
145	2	NaN	
145	2	NaN	
145	2	NaN	
145	2	NaN	
145	2	NaN	
145	2	0.3303790169	
145	2	NaN	
145	2	NaN	
145	2	NaN	
145	2	NaN	
145	2	NaN	
145	2	NaN	
145	2	NaN	
145	2	NaN	
145	2	NaN	
145	2	NaN	
145	2	NaN	
145	2	NaN	
145	3	0.0691720322	
145	3	0.1659831730	
145	3	0.1186339640	
145	3	0.0985064301	
145	3	0.0615553123	
145	3	0.0783319707	
145	3	0.0461219043	
145	3	0.0346981578	
145	3	0.0856953162	
145	3	0.0886608611	
145	3	0.1101438409	
145	3	0.0823056277	
145	3	0.0670370494	
145	3	NaN	
145	3	0.0377809343	
145	3	0.1830846433	
145	3	0.0931718737	
145	3	0.0883169893	
145	3	0.0782214848	
145	3	0.0727026293	
145	3	0.1521028291	
145	3	0.0741233458	
145	3	0.0872576258	
145	3	0.0918386634	
145	3	0.0895585707	
145	3	0.0403024109	
145	3	0.0559554124	
145	3	0.1002756416	
145	3	0.0927088843	
145	4	0.1287187864	
145	4	NaN	
145	4	NaN	
145	4	NaN	
145	4	NaN	
145	4	0.1440220237	
145	4	0.1899509712	
145	4	NaN	
145	4	NaN	
145	4	NaN	
145	4	0.2883099114	
145	4	NaN	
145	4	NaN	
145	4	NaN	
145	4	NaN	
145	4	NaN	
145	4	0.4235508906	
145	4	NaN	
145	4	NaN	
145	4	NaN	
145	4	NaN	
145	4	NaN	
145	4	NaN	
145	4	NaN	
145	4	NaN	
145	4	NaN	
145	4	NaN	
145	4	NaN	
145	4	NaN	
146	2	NaN	
146	2	NaN	
146	2	NaN	
146	2	NaN	
146	2	NaN	
146	2	NaN	
146	2	0.0730602943	
146	2	NaN	
146	2	NaN	
146	2	NaN	
146	2	0.1869761889	
146	2	NaN	
146	2	NaN	
146	2	NaN	
146	2	NaN	
146	2	NaN	
146	2	NaN	
146	2	NaN	
146	2	NaN	
146	2	0.0528996701	
146	2	NaN	
146	2	NaN	
146	2	NaN	
146	2	NaN	
146	2	NaN	
146	2	NaN	
146	2	NaN	
146	2	NaN	
146	2	NaN	
146	3	0.0649499613	
146	3	0.2027057861	
146	3	0.1215142535	
146	3	0.0874657501	
146	3	0.0584528399	
146	3	0.0868925251	
146	3	0.0493643530	
146	3	0.0367605427	
146	3	0.0990237632	
146	3	0.0844090443	
146	3	0.1253444720	
146	3	0.0732573189	
146	3	0.0659970036	
146	3	NaN	
146	3	0.0418742785	
146	3	0.1892754828	
146	3	0.0851141659	
146	3	0.0942108246	
146	3	0.0824706545	
146	3	0.0648143509	
146	3	0.1390664563	
146	3	0.0646890499	
146	3	0.0893588223	
146	3	0.1049815155	
146	3	0.0833274008	
146	3	0.0383881671	
146	3	0.0731148111	
146	3	0.1238677801	
146	3	0.0683793658	
146	4	NaN	
146	4	NaN	
146	4	NaN	
146	4	NaN	
146	4	NaN	
146	4	NaN	
146	4	0.1224246472	
146	4	NaN	
146	4	NaN	
146	4	NaN	
146	4	0.3123206609	
146	4	NaN	
146	4	NaN	
146	4	NaN	
146	4	NaN	
146	4	NaN	
146	4	NaN	
146	4	NaN	
146	4	NaN	
146	4	0.1177140210	
146	4	NaN	
146	4	NaN	
146	4	NaN	
146	4	NaN	
146	4	NaN	
146	4	NaN	
146	4	NaN	
146	4	NaN	
146	4	NaN	
147	2	NaN	
147	2	NaN	
147	2	NaN	
147	2	NaN	
147	2	NaN	
147	2	NaN	
147	2	0.0929412636	
147	2	0.0376995913	
147	2	NaN	
147	2	NaN	
147	2	0.1925708968	
147	2	NaN	
147	2	NaN	
147	2	NaN	
147	2	NaN	
147	2	NaN	
147	2	NaN	
147	2	NaN	
147	2	NaN	
147	2	NaN	
147	2	NaN	
147	2	NaN	
147	2	NaN	
147	2	NaN	
147	2	NaN	
147	2	NaN	
147	2	NaN	
147	2	NaN	
147	2	NaN	
147	3	0.0718679777	
147	3	0.2002662408	
147	3	0.1151792889	
147	3	0.0766791013	
147	3	0.0554593703	
147	3	0.0979496266	
147	3	0.0497962384	
147	3	0.0362133808	
147	3	0.1044245029	
147	3	0.0763651526	
147	3	0.1300213540	
147	3	0.0743231921	
147	3	0.0644165169	
147	3	NaN	
147	3	0.0457262094	
147	3	0.1723120276	
147	3	0.0790714835	
147	3	0.0929925704	
147	3	0.0752531251	
147	3	0.0693213121	
147	3	0.1369858823	
147	3	0.0467885937	
147	3	0.0744685011	
147	3	0.1119291264	
147	3	0.0820206226	
147	3	0.0400772134	
147	3	0.0821749914	
147	3	0.1008851201	
147	3	0.0739563500	
147	4	NaN	
147	4	NaN	
147	4	NaN	
147	4	NaN	
147	4	NaN	
147	4	NaN	
147	4	0.1427375020	
147	4	0.0739129722	
147	4	NaN	
147	4	NaN	
147	4	0.3225922508	
147	4	NaN	
147	4	NaN	
147	4	NaN	
147	4	NaN	
147	4	NaN	
147	4	NaN	
147	4	NaN	
147	4	NaN	
147	4	NaN	
147	4	NaN	
147	4	NaN	
147	4	NaN	
147	4	NaN	
147	4	NaN	
147	4	NaN	
147	4	NaN	
147	4	NaN	
147	4	NaN	
148	2	NaN	
148	2	NaN	
148	2	NaN	
148	2	NaN	
148	2	NaN	
148	2	NaN	
148	2	0.0955388451	
148	2	0.0447277598	
148	2	NaN	
148	2	NaN	
148	2	0.1971602326	
148	2	NaN	
148	2	NaN	
148	2	NaN	
148	2	NaN	
148	2	NaN	
148	2	NaN	
148	2	NaN	
148	2	NaN	
148	2	NaN	
148	2	NaN	
148	2	NaN	
148	2	NaN	
148	2	NaN	
148	2	NaN	
148	2	NaN	
148	2	0.0681858548	
148	2	NaN	
148	2	NaN	
148	3	0.0800395901	
148	3	0.1443795595	
148	3	0.1137327499	
148	3	0.0636056310	
148	3	0.0548852774	
148	3	0.0927627305	
148	3	0.0485729725	
148	3	0.0388793766	
148	3	0.0973915961	
148	3	0.0944825861	
148	3	0.1284090278	
148	3	0.0686951019	
148	3	0.0622189500	
148	3	NaN	
148	3	0.0440229153	
148	3	0.1627985309	
148	3	0.0990470309	
148	3	0.1142849478	
148	3	0.0676982410	
148	3	0.0773269321	
148	3	0.1219116924	
148	3	0.5277550403	
148	3	0.0780412168	
148	3	0.1059034135	
148	3	0.1024983349	
148	3	0.0426296476	
148	3	0.0850794315	
148	3	0.0880704817	
148	3	0.0943786603	
148	4	NaN	
148	4	NaN	
148	4	NaN	
148	4	NaN	
148	4	NaN	
148	4	NaN	
148	4	0.1441118175	
148	4	0.0836071364	
148	4	NaN	
148	4	NaN	
148	4	0.3255692604	
148	4	NaN	
148	4	NaN	
148	4	NaN	
148	4	NaN	
148	4	NaN	
148	4	NaN	
148	4	NaN	
148	4	NaN	
148	4	NaN	
148	4	NaN	
148	4	NaN	
148	4	NaN	
148	4	NaN	
148	4	NaN	
148	4	NaN	
148	4	0.1532652863	
148	4	NaN	
148	4	NaN	
149	2	NaN	
149	2	NaN	
149	2	NaN	
149	2	NaN	
149	2	NaN	
149	2	NaN	
149	2	NaN	
149	2	NaN	
149	2	NaN	
149	2	NaN	
149	2	NaN	
149	2	NaN	
149	2	NaN	
149	2	NaN	
149	2	NaN	
149	2	NaN	
149	2	NaN	
149	2	NaN	
149	2	NaN	
149	2	NaN	
149	2	NaN	
149	2	NaN	
149	2	NaN	
149	2	NaN	
149	2	NaN	
149	2	NaN	
149	2	0.0550200448	
149	2	NaN	
149	2	NaN	
149	3	0.0830833755	
149	3	0.1050889198	
149	3	0.1080166891	
149	3	0.0809377820	
149	3	0.0585700224	
149	3	0.0909131606	
149	3	0.0442072097	
149	3	0.0450771982	
149	3	0.1040958547	
149	3	0.0863034391	
149	3	0.1301871227	
149	3	0.0790601656	
149	3	0.0752421124	
149	3	NaN	
149	3	0.0411000901	
149	3	0.1574024139	
149	3	0.1022862567	
149	3	0.1137230366	
149	3	0.0736523983	
149	3	0.0915746971	
149	3	0.0670561054	
149	3	0.4859834886	
149	3	0.0783642645	
149	3	0.0904758359	
149	3	0.1027740903	
149	3	0.0427013841	
149	3	0.0922476817	
149	3	0.0857021956	
149	3	0.0987748297	
149	4	NaN	
149	4	NaN	
149	4	NaN	
149	4	NaN	
149	4	NaN	
149	4	NaN	
149	4	NaN	
149	4	NaN	
149	4	NaN	
149	4	NaN	
149	4	NaN	
149	4	NaN	
149	4	NaN	
149	4	NaN	
149	4	NaN	
149	4	NaN	
149	4	NaN	
149	4	NaN	
149	4	NaN	
149	4	NaN	
149	4	NaN	
149	4	NaN	
149	4	NaN	
149	4	NaN	
149	4	NaN	
149	4	NaN	
149	4	0.1472677265	
149	4	NaN	
149	4	NaN	
150	2	NaN	
150	2	NaN	
150	2	NaN	
150	2	NaN	
150	2	NaN	
150	2	NaN	
150	2	NaN	
150	2	NaN	
150	2	NaN	
150	2	NaN	
150	2	NaN	
150	2	NaN	
150	2	NaN	
150	2	NaN	
150	2	NaN	
150	2	NaN	
150	2	NaN	
150	2	NaN	
150	2	NaN	
150	2	NaN	
150	2	NaN	
150	2	NaN	
150	2	NaN	
150	2	NaN	
150	2	NaN	
150	2	NaN	
150	2	0.0384671593	
150	2	NaN	
150	2	NaN	
150	3	0.0869472066	
150	3	0.1116334977	
150	3	0.1061595459	
150	3	0.0914024354	
150	3	0.0537197147	
150	3	0.0996966847	
150	3	0.0439918481	
150	3	0.0561442817	
150	3	0.1064377092	
150	3	0.0938573883	
150	3	0.1179059537	
150	3	0.0969393020	
150	3	0.0578848084	
150	3	NaN	
150	3	0.0443050645	
150	3	0.1501701737	
150	3	0.1049337906	
150	3	0.1256353871	
150	3	0.0813392861	
150	3	0.1016179747	
150	3	0.0790806548	
150	3	0.5154807303	
150	3	0.0628491677	
150	3	0.0975394652	
150	3	0.1091390173	
150	3	0.0474748935	
150	3	0.0761111314	
150	3	0.0988909244	
150	3	0.0945138172	
150	4	NaN	
150	4	NaN	
150	4	NaN	
150	4	NaN	
150	4	NaN	
150	4	NaN	
150	4	NaN	
150	4	NaN	
150	4	NaN	
150	4	NaN	
150	4	NaN	
150	4	NaN	
150	4	NaN	
150	4	NaN	
150	4	NaN	
150	4	NaN	
150	4	NaN	
150	4	NaN	
150	4	NaN	
150	4	NaN	
150	4	NaN	
150	4	NaN	
150	4	NaN	
150	4	NaN	
150	4	NaN	
150	4	NaN	
150	4	0.1145782907	
150	4	NaN	
150	4	NaN	
